SPAC1002.08c 0 366 1 0 0.479770408 0.91 NA 15.98361854 0.00358 NA 0 1 0 0 0 0 0 1809480 1811361 NA 20.62833333 0.22061165 I 1 0 0 56.0487545375942
SPAC1002.09c 0 511 1 0 0.480281603 12 62710.75 50.99418618 0.0019959 1470.6 0 1 0 0 0 0 0 1811408 1813805 NA 259.9833333 0.487575733 I 1 0 0 43.5393624613027
SPAC12B10.08c 2 456 1 0 0.547898045 0.3 NA 27.13980146 0.0031944 NA 0 1 0 0 0 0 0 4586309 4588764 NA 5.550166667 0.109763378 I 1 0 0 34.1842259319147
SPAC12G12.04 0 582 1 0 0.090086474 40 90635.5 19.49168269 0.0005008 705.7 0 1 0 0 0 0 0 339766 342080 NA 864.3833333 0.539169213 I 1 0 0 31.6167647141674
SPAC12G12.08 0 213 1 0 0.088339714 1.5 2313 37.26882639 0.0020465 655.9 0 1 0 0 0 1 0 333178 334621 NA 40.525 0.312641369 I 1 0 0 56.6507819762365
SPAC13G6.05c 3 253 1 0 0.047965109 2 NA 54.03690478 0.0017803 473.4 0 1 0 0 0 0 0 180903 182254 NA 56.10666667 0.595958633 I 1 0 0 63.6902282573073
SPAC144.08 1 225 1 0 0.502192159 1.1 1664.72 26.35529119 0.0032298 666.2 0 1 0 0 0 0 0 4668470 4671381 0.765203259 17.575 0.334241873 I 1 0 0 45.8342178351693
SPAC1486.06 1 410 1 0 0.849480877 4.2 14661.57 40.31269831 0.0014208 353.2 0 1 0 0 0 1 0 3203863 3205821 NA 70.185 0.486132054 I 1 0 0 25.8239654439914
SPAC15A10.01 0 693 1 0 0.974032985 2.6 161.8 25.96179161 0.002945 NA 0 1 0 0 0 0 0 3673618 3677834 NA 39.58 0.357639836 I 1 0 0 34.7132133333164
SPAC1687.12c 3 272 1 0 0.245286426 5.9 916.35 62.90435977 0.0026737 NA 0 1 0 0 0 0 0 925111 926289 NA 151.55 0.543030534 I 1 0 0 55.6897848265124
SPAC16E8.10c 1 259 1 0 0.93296132 2.6 865.64 40.51471033 0.0028074 1016.5 0 1 0 0 0 0 0 3518714 3519812 NA 80.575 0.461720905 I 1 0 0 17.6292697323684
SPAC1751.02c 2 93 1 0 0.102049712 2 NA 51.06280169 0.0031061 592.7 0 1 0 0 0 0 0 384886 386195 NA 83.76833333 0.290890566 I 1 0 0 54.2290691589317
SPAC17C9.06 1 475 1 0 0.60223094 1.6 2061.27 28.84860263 0.0009201 766.6 0 1 0 0 0 0 0 4488524 4490553 NA 32.92833333 0.43150758 I 1 0 0 24.9207627117139
SPAC17H9.17c 2 370 1 0 0.538772347 0.8 710.83 36.73471139 0.0011805 NA 0 1 0 0 0 0 0 2032009 2033308 NA 18.23 0.496431799 I 1 0 0 15.7314863795549
SPAC1952.14c 1 145 1 0 0.323416017 3.7 2615.19 51.91544511 0 689.4 0 1 0 0 0 0 0 4993624 4994533 NA 82.11333333 0.135832911 I 1 0 0 55.5924706645925
SPAC19G12.11 0 250 1 0 0.835736087 2.8 12057.29 61.06535069 0.0017448 442.5 0 1 0 0 0 0 0 4066981 4068474 0.971731447 64.24 0.276404212 I 1 0 0 48.2707131564585
SPAC19G12.12 0 294 1 0 0.834931143 1.7 NA 29.43411551 0.0014846 534.1 0 1 0 0 0 0 0 4068498 4069929 1.108302518 33.72666667 0.409527589 I 1 0 0 57.125509199501
SPAC21E11.07 1 325 1 0 0.729111148 1.1 221.21 28.15315868 0.0031347 465.7 0 1 0 0 0 0 0 4259954 4261207 NA 25.755 0.396789834 I 1 0 0 45.4922946172808
SPAC227.09 1 417 1 0 0.135580718 1.5 2400.82 41.31202943 0.0052387 1060.9 0 1 0 0 0 0 0 511350 513382 NA 31.9 0.36836206 I 1 1 0 50.8268698104552
SPAC22A12.08c 4 570 1 0 0.310268924 2.2 5909.53 46.72911238 0.0020453 768.2 0 1 0 0 0 0 0 1170196 1172171 NA 45.69 0.644927553 I 1 0 0 21.2440432410887
SPAC22E12.10c 1 616 1 0 0.298732725 9.1 4276.65 55.92193534 0 516.9 0 1 0 0 0 0 0 5036954 5039150 NA 151.3666667 0.523940937 I 1 0 0 17.6372939789466
SPAC23A1.18c 0 303 1 0 0.810700943 2.2 769.89 19.01738404 0.0034997 580.5 0 1 0 0 0 0 0 4111970 4113727 NA 43.425 0.093406151 I 1 0 0 67.349336934206
SPAC23C11.17 1 485 1 0 0.574609299 6.2 6976.99 39.7280679 0.0018023 3161.7 0 1 0 0 0 0 0 2167170 2168987 NA 114.6366667 0.564858172 I 1 0 0 21.9062154726591
SPAC23H3.07c 2 105 1 0 0.664111663 4.5 1923.03 41.05780744 0 NA 0 1 0 0 0 0 0 2504733 2505904 NA 175.8333333 0.481835882 I 1 0 0 45.0016024060377
SPAC23H4.04 2 415 1 0 0.424602697 1.4 NA 27.74955697 0.0028074 NA 0 1 0 0 0 0 0 1601412 1603005 NA 43.38 0.479875801 I 1 0 0 37.8145746692068
SPAC24C9.06c 1 789 1 0 0.808170849 27 40682.35 39.72797116 0.0026236 840 0 1 0 0 0 0 0 3048060 3051537 NA 518.6333333 0.495068445 I 1 0 0 24.7582485922598
SPAC24C9.09 0 474 1 0 0.812312644 1.4 566.61 26.58448376 0.0021559 863.1 0 1 0 0 0 0 0 3063681 3066413 NA 26.98166667 0.470457673 I 1 0 0 35.0517644792594
SPAC24C9.10c 0 263 1 0 0.812748803 2.5 4366.84 36.70728591 0.000553 416.8 0 1 0 0 0 0 0 3065326 3066303 NA 57.01333333 0.513187027 I 1 0 0 33.0173269186654
SPAC24C9.13c 1 88 1 0 0.814408066 9.3 1507.36 34.53559494 0 396.5 0 1 0 0 0 0 0 3071584 3072124 NA 163.4333333 0.414118126 I 1 0 0 33.8229252834092
SPAC25B8.06c 1 479 1 0 0.781815345 1.1 1954.93 41.83016539 0.0025668 711.4 0 1 0 0 0 0 0 4162367 4165940 NA 22.35166667 0.441474808 I 1 0 0 34.3328466033934
SPAC26F1.03 0 409 1 0 0.2200872 16 72385.12 67.28576823 0.0007121 1005.7 0 1 0 0 0 0 0 5179652 5181308 0.285336514 440.9833333 0.643183453 I 1 0 0 59.7619595017872
SPAC27E2.06c 0 539 1 0 0.863189382 1.2 1157.3 23.78265691 0.0035145 NA 0 1 0 0 0 0 0 4016534 4018850 NA 20.21 0.400248758 I 1 0 0 43.6678017304956
SPAC29A4.03c 1 271 1 0 0.240832074 2.2 1120.66 39.46612981 0.0032929 910.4 0 1 0 0 0 0 0 5142407 5143810 NA 56.3 0.340096257 I 1 0 0 79.7307301887773
SPAC2F3.04c 1 150 1 0 0.913129661 2.9 1686.07 36.10803932 0.004834 872.5 0 1 0 0 0 0 0 3927451 3928579 NA 91.73166667 0.081103093 I 1 0 0 68.6432858666887
SPAC2F3.09 0 558 1 0 0.905657235 18 17709.41 23.47438214 0.003395 363.6 0 1 0 0 0 0 0 3939598 3942086 NA 372.4666667 0.387008247 I 1 0 0 49.7316024982229
SPAC30C2.03 0 210 1 0 0.520690935 0.48 NA 34.12868798 0.0006952 NA 0 1 0 0 0 0 0 4637119 4637943 NA 13.57333333 0.231464052 I 1 0 0 41.7499096261234
SPAC31A2.03 1 216 1 0 0.10324418 1.4 1778.62 53.92229779 0.0033637 1100.2 0 1 0 0 0 0 0 389391 390520 NA 35.94833333 0.187171908 I 1 0 0 48.5792988805072
SPAC31A2.08 0 161 1 0 0.106810349 2.1 1805.1 34.97194494 0.0009011 702.2 0 1 0 0 0 0 0 402841 403862 NA 50.40166667 0.359843575 I 1 0 0 62.1384800345999
SPAC323.01c 1 386 1 0 0.924014386 1.6 1025.91 35.86719744 0.0008065 NA 0 1 0 0 0 0 0 3907439 3908904 0.368938178 31.95833333 0.403313525 I 1 0 0 32.3056301037747
SPAC343.01c 1 426 1 0 0.434447976 2.3 2486.23 29.55869544 0.0027351 881.9 0 1 0 0 0 0 0 1638544 1641241 NA 38.84666667 0.425484907 I 1 0 0 39.0970185469801
SPAC343.02 0 182 1 0 0.43527469 2.3 3829.2 43.18407814 0.0007977 709.8 0 1 0 0 0 0 0 1641662 1642932 NA 59.42333333 0.185086556 I 1 0 0 44.036957193172
SPAC343.08c 2 111 1 0 0.437730177 1.4 2503.51 16.91300678 0.0013271 565.3 0 1 0 0 0 0 0 1650923 1653983 NA 30.87333333 0.27350747 I 1 0 0 53.0973843481942
SPAC343.13 2 526 1 0 0.44286334 1.1 371.31 44.80689623 0.0027701 814.8 0 1 0 0 0 0 0 1670283 1672264 NA 21.71 0.427422386 I 1 0 0 31.4980634398651
SPAC343.17c 1 576 1 0 0.443765355 1.3 282.66 27.91429705 0.0012776 688 0 1 0 0 0 0 1 1673685 1680143 NA 21.68666667 0.53445035 I 1 0 0 59.1592389579989
SPAC3A12.02 2 286 1 0 0.376984394 1.3 494.35 50.73348715 0.003077 416.3 0 1 0 0 0 0 0 1421817 1422972 NA 19.40833333 0.414709441 I 1 0 0 44.6933504864426
SPAC3A12.16c 1 164 1 0 0.384437555 7.4 NA 39.18302394 0.0008848 790.5 0 1 0 0 0 0 0 1449927 1451399 NA 190.6333333 0.364341074 I 1 0 0 34.3442962014794
SPAC3G9.13c 4 361 1 0 0.835221238 1.3 NA 34.96535506 0.0020164 818.7 0 1 0 0 0 0 0 3150082 3156856 NA 23.99833333 0.324565251 I 1 0 0 39.0827682593253
SPAC4A8.05c 0 2104 1 0 0.675387387 1.9 495.04 30.38964569 0.0031327 701.9 0 1 0 0 0 0 0 2547260 2553707 0.978295332 23.09833333 0.355412891 I 1 0 0 29.5466159717871
SPAC4A8.08c 6 950 1 0 0.678355394 1.4 652.29 40.11919228 0.0038377 NA 0 1 0 0 0 0 0 2558454 2561989 NA 28.62333333 0.391592042 I 1 0 0 39.8766392361008
SPAC4D7.04c 3 264 1 0 0.121873511 1.4 9013.82 34.56270085 0.0017636 1109.1 0 1 0 0 0 0 0 5357357 5358837 NA 42.29833333 0.408928521 I 1 0 0 32.7052117418516
SPAC4F8.02c 0 279 1 0 0.708895325 3.2 8751.05 41.16415642 0.003147 842.6 0 1 0 0 0 0 0 2673637 2674938 NA 79.15833333 0.150207957 I 1 0 0 66.1360895575111
SPAC4F8.06 0 162 1 0 0.707422193 1.1 2965.79 30.87904377 0 NA 0 1 0 0 0 0 0 2668081 2669009 NA 25.20666667 0.31983698 I 1 0 0 54.4554879491703
SPAC4G8.09 0 874 1 0 0.206395295 1.4 919.16 24.0417124 0.00317 316.3 0 1 0 0 0 0 0 778431 781324 NA 27.62166667 0.506091916 I 1 0 0 16.3649114485604
SPAC4G9.17c 1 387 1 0 0.605713719 1.9 2254.48 28.39266086 0.0048913 197.3 0 1 0 0 0 0 0 2284482 2286132 NA 45.975 0.328759931 I 1 0 0 31.2934664823305
SPAC4H3.09 2 112 1 0 0.959852377 1.9 NA 85.91784515 0.0012919 751.7 0 1 0 0 0 0 0 3843366 3844124 NA 79.335 0.43942 I 1 0 0 9.92694862034183
SPAC56F8.04c 1 360 1 0 0.300466598 2.7 2698.7 56.51625687 0.0040439 NA 0 1 0 0 0 0 0 1133226 1134356 NA 57.48833333 0.532936685 I 1 0 0 49.4880394275169
SPAC57A10.11c 1 313 1 0 0.366833406 5.7 5221.66 50.5641711 0.0023246 7112.3 0 1 0 0 0 0 0 1383532 1385287 NA 135.35 0.252531928 I 1 0 0 63.7482603559472
SPAC664.11 0 674 1 0 0.457598645 69 73780.23 70.65688792 0.002379 847.4 0 1 0 0 0 0 0 1725858 1728189 NA 1517.5 0.310883615 I 1 0 0 22.6165857718165
SPAC6F12.07 3 152 1 0 0.350277631 8.3 17860.76 70.6241932 0.0009542 1304.2 0 1 0 0 0 0 0 1321091 1322357 NA 304.7666667 0.42375705 I 1 0 0 74.7593586931866
SPAC806.05 1 125 1 0 0.064751559 1.1 NA 24.56689356 0.0034758 NA 0 1 0 0 0 0 0 244214 247574 NA 23.39666667 0.709358457 I 1 0 0 82.9451050595238
SPAC824.06 2 140 1 0 0.449391948 1.9 3827.42 32.83152818 0.0020707 638.1 0 1 0 0 0 0 0 1694906 1696484 NA 51.58 0.21822404 I 1 0 0 67.4858270407225
SPAP8A3.10 1 171 1 0 0.135167536 3.2 NA 46.24573012 0 393.9 0 1 0 0 0 0 0 5334103 5334807 NA 103.6833333 0.470540496 I 1 0 0 16.7943452950829
SPAP8A3.11c 1 419 1 0 0.134274076 1.3 100 39.18318447 0.0034897 1059.7 0 1 0 0 0 0 0 5334899 5336422 NA 26.44166667 0.482593727 I 1 0 0 33.901255355858
SPAPB1A10.11c 0 526 1 0 0.499078099 0.99 343.8 36.53106158 0.0022161 1167.5 0 1 0 0 0 0 0 1882300 1884414 NA 19.11166667 0.373221274 I 1 0 0 30.0262537093906
SPAPB2B4.02 1 146 1 0 0.718019681 4.2 10366.62 49.24419181 0.0029793 525.8 0 1 0 0 0 0 0 2708050 2709309 0.971756842 114.135 0.260847442 I 1 0 0 60.6523054650341
SPBC119.17 1 992 1 0 0.462406052 3.6 7497.66 40.93875099 0.0026463 571.4 0 1 0 0 0 0 0 750719 754123 NA 76.41166667 0.521375239 II 1 0 0 22.4440249297924
SPBC1198.10c 2 441 1 0 0.116284757 0.73 NA 20.56896494 0.0052845 NA 0 1 0 0 0 0 0 188789 191818 NA 17.57666667 0.54853122 II 1 0 0 75.6652523623198
SPBC11B10.04c 0 288 1 0 0.918739444 1.5 1577.07 39.7918501 0.0030308 1408.7 0 1 0 0 0 0 0 1491579 1492989 NA 53.59166667 0.434919955 II 1 0 0 37.3790772642637
SPBC1271.13 1 207 1 0 0.209852012 3.4 NA 36.99875999 0.0014037 204.8 0 1 0 0 0 0 0 340696 341753 NA 92.23666667 0.568062319 II 1 0 0 53.9199786862667
SPBC1306.01c 0 770 1 0 0.725513795 5.2 5594.72 47.66269212 0.0018935 721.9 0 1 0 0 0 0 0 1177876 1180530 NA 76.34333333 0.579225385 II 1 0 0 24.7300400416038
SPBC13G1.01c 1 327 1 0 0.277913643 3.3 1890.17 53.08944789 0.0044553 1350.3 0 1 0 0 0 0 0 3728195 3729325 NA 67.10666667 0.557093071 II 1 0 0 21.8889405160171
SPBC146.12 0 479 1 0 0.629485201 2.8 3919.33 37.63259337 0.0025008 686.6 0 1 0 0 0 0 0 1021973 1024021 NA 60.06166667 0.419975937 II 1 0 0 48.8540418506637
SPBC1539.01c 0 210 1 0 0.060357343 2.6 1200.9 32.60810106 0 586.5 0 1 0 0 0 0 0 4362882 4363784 NA 91.02333333 0.099203333 II 1 0 0 41.7195681220346
SPBC15D4.11c 2 263 1 0 0.517221834 0.39 NA 23.86164676 0.0005572 759 0 1 0 0 0 0 0 3030371 3031431 NA 7.6455 0.40012743 II 1 0 0 13.1882593290579
SPBC1604.13c 0 103 1 0 0.216395238 1.3 NA 45.84362348 0.0028074 NA 0 1 0 0 0 0 0 3907817 3908731 NA 51.55833333 0.199108289 II 1 0 0 94.1084028457699
SPBC16A3.04 0 220 1 0 0.08496011 3.7 3959.79 39.49235747 0.0026423 643.9 0 1 0 0 0 0 0 4290896 4292035 NA 105.76 0.349197917 II 1 0 0 128.408439146136
SPBC16G5.04 1 157 1 0 0.10944972 4.6 5591.29 44.11879037 0.000924 646 0 1 0 0 0 0 0 4219752 4220616 NA 99.20166667 0.467597544 II 1 0 0 85.860318116585
SPBC16G5.12c 5 622 1 0 0.104026406 1.4 NA 23.64436057 0.0023433 NA 0 1 0 0 0 0 0 4233868 4236432 NA 24.73 0.563598768 II 1 0 0 69.2398446376223
SPBC17A3.01c 0 452 1 0 0.862200694 6.5 2415.26 22.35018926 0.0016113 874.8 0 1 0 0 0 0 0 1399788 1401863 NA 104.1683333 0.466956843 II 1 0 0 36.2936127304405
SPBC17A3.07 1 464 1 0 0.87111104 6.1 32278.38 43.05606315 0.0015697 862.5 0 1 0 0 0 0 0 1414254 1416156 NA 157.0666667 0.655099812 II 1 0 0 41.2898763011245
SPBC17G9.13c 0 317 1 0 0.803010186 1.3 NA 15.13580462 0.0041317 NA 0 1 0 0 0 0 0 2196424 2197987 NA 8.9685 0 II 1 0 0 53.6806003125207
SPBC18E5.12c 0 502 1 0 0.837282404 2.9 6613.81 27.03699543 0.0023594 820.7 0 1 0 0 0 0 0 2096447 2098039 NA 50.59333333 0.576296556 II 1 0 0 14.1893672369858
SPBC18H10.17c 0 175 1 0 0.938963714 5.7 2081.03 40.0947235 0.0016589 1138.4 0 1 0 0 0 0 0 1800125 1801506 NA 116.035 0.167712314 II 1 0 0 68.5384279770386
SPBC19C2.11c 0 452 1 0 0.974010201 3 NA 20.06743101 0.0019336 NA 0 1 0 0 0 0 0 1697447 1699300 NA 41.56833333 0.436489331 II 1 0 0 56.3146662255684
SPBC19C2.12 2 145 1 0 0.973439271 1.9 2713.01 47.48457003 0.0039996 514.3 0 1 0 0 0 0 0 1699978 1700965 NA 40.13166667 0.40416453 II 1 0 0 18.5204479537696
SPBC19F8.05 0 218 1 0 0.445076601 1.5 2788.43 15.58674771 0.0059994 707.4 0 1 0 0 0 0 0 3238083 3241828 NA 31.31 0.138955176 II 1 0 0 69.2482463078448
SPBC211.01 1 228 1 0 0.228709137 2.1 1652.71 24.67955544 0.0032441 576.8 0 1 0 0 0 0 0 3870132 3872820 NA 46.23333333 0.499990654 II 1 0 0 33.6238929096591
SPBC21C3.04c 0 108 1 0 0.251930358 2.6 NA 33.22549325 0.0013393 NA 0 1 0 0 0 0 0 3803224 3805100 NA 66.76666667 0.424756351 II 1 0 0 100.927125694478
SPBC24C6.03 0 425 1 0 0.759500915 1.6 3880.61 41.5295431 0.0034269 497.8 0 1 0 0 0 0 0 2322711 2324873 NA 36.84833333 0.400480975 II 1 0 0 63.6961173214087
SPBC25H2.04c 0 175 1 0 0.433087771 1.1 NA 19.72271447 0 NA 0 1 0 0 0 0 0 3275640 3276791 NA 27.745 0.380423668 II 1 0 0 45.7828802255869
SPBC27B12.02 0 112 1 0 0.815225198 1.4 NA 60.49116141 0 336.9 0 1 0 0 0 0 0 1323523 1324374 NA 27.52166667 0.031248739 II 1 0 0 70.7469859421545
SPBC27B12.13 0 344 1 0 0.835357553 13 38259.96 44.28968445 0.0012694 794 0 1 0 0 0 0 0 1356208 1357927 NA 228.7 0.529887553 II 1 0 0 19.3995991767461
SPBC29A3.15c 0 476 1 0 0.847597536 3.5 11079.82 33.32483921 0.0012242 907.4 0 1 0 0 0 0 0 2066187 2067957 NA 67.71166667 0.389811824 II 1 0 0 36.4663418706435
SPBC2D10.08c 0 261 1 0 0.534704615 2.6 4442.81 27.21807152 0.0033432 497.4 0 1 0 0 0 0 0 2979661 2980446 NA 56.485 0.540657967 II 1 0 0 76.6875725479842
SPBC2D10.18 0 610 1 0 0.526876197 1.9 3005.7 30.97636238 0.0023893 679.9 0 1 0 0 0 0 0 3001076 3003276 NA 33.34 0.54635036 II 1 0 0 39.6117916680727
SPBC2F12.02c 0 287 1 0 0.960020889 3.5 10092.16 32.74392121 0.0010138 743 0 1 0 0 0 0 0 1738568 1740097 NA 56.23166667 0.332894035 II 1 0 0 45.7279187847399
SPBC2F12.10 1 308 1 0 0.966573375 2.8 3729.06 39.61151299 0.0019675 NA 0 1 0 0 0 0 0 1719225 1720988 NA 65.19166667 0.197931737 II 1 0 0 54.306390205111
SPBC2G5.06c 0 459 1 0 0.668261268 21 91063.74 34.3365411 0.0015868 1155.3 0 1 0 0 0 0 0 2589004 2590955 0.718475432 320.7 0.502103609 II 1 0 0 81.6096305928161
SPBC30D10.08 0 270 1 0 0.498693206 1.3 188.84 42.73548744 0.0011331 963.4 0 1 0 0 0 0 0 3084277 3085466 NA 27.10833333 0.354993127 II 1 0 0 57.8885301538685
SPBC30D10.12c 2 93 1 0 0.502363613 3.8 940.9 NA 0.001553 674.9 0 1 0 0 0 0 0 3072290 3074762 NA 97.44333333 0.521252024 II 1 0 0 14.7983846165179
SPBC32F12.04 6 446 1 0 0.598573945 1.5 NA 28.44222458 0.0032683 3352.2 0 1 0 0 0 0 0 2791160 2794184 NA 32.13333333 0.540240153 II 1 0 0 33.0915476866148
SPBC337.14 3 135 1 0 0.650154049 9.1 3204.5 62.8577417 0.0010734 573.1 0 1 0 0 0 1 0 1055529 1056502 NA 246.4166667 0.493628362 II 1 0 0 19.8917530142432
SPBC337.15c 0 216 1 0 0.650746594 4.7 7108.14 53.1842898 0.0020182 458.7 0 1 0 0 0 0 0 1056491 1057512 NA 102.4216667 0.419763713 II 1 0 0 95.8407064940439
SPBC36.04 1 351 1 0 0.522283256 20 62342.41 65.21297125 0.0020737 846.2 0 1 0 0 0 0 0 847930 849485 0.757548323 310.3166667 0.461183689 II 1 0 0 50.4978371471979
SPBC3B8.01c 1 469 1 0 0.391116751 2.8 1232.06 35.70517708 0.0024849 502.7 0 1 0 0 0 0 0 3397303 3399191 NA 60.43833333 0.413564074 II 1 0 0 25.0714948290808
SPBC3B9.17 1 205 1 0 0.177861453 0.45 2111.21 74.14765857 0.0035491 1127.6 0 1 0 0 0 0 0 4020198 4021107 NA 13.60166667 0.256608696 II 1 0 0 92.259844932728
SPBC3H7.03c 0 1009 1 0 0.910608244 7.9 17875.81 44.27562897 0.0010118 935.2 0 1 0 0 0 0 0 1879006 1884199 0.89703982 104.3533333 0.456624125 II 1 0 0 52.0153213794131
SPBC409.14c 0 90 1 0 0.718519057 2.2 1249.96 47.597776 0.0016042 827.4 0 1 0 0 0 0 0 1166520 1167359 NA 51.60666667 0.181652568 II 1 0 0 87.1342979920208
SPBC428.18 0 444 1 0 0.293924999 1.3 NA 21.35157689 0.0039367 NA 0 1 0 0 0 1 0 477189 478738 NA 24.20166667 0.537178 II 1 0 0 40.2768785405243
SPBC713.10 1 128 1 0 0.54602878 1.7 7142.76 36.11177739 0.0022633 602.7 0 1 0 0 0 0 0 886481 887647 NA 47.255 0.222233906 II 1 0 0 89.4664877311087
SPBC725.01 0 437 1 0 0.73948849 15 26503.12 41.94399402 0.0016665 852.6 0 1 0 0 0 0 0 1200564 1203137 0.963535054 240.5166667 0.308172883 II 1 0 0 96.1786780249236
SPBC725.10 3 164 1 0 0.754219572 2.7 NA 46.86043909 0.0008956 NA 0 1 0 0 0 0 0 1224480 1226219 0.760648869 57.585 0.2344862 II 1 0 0 87.2226694909986
SPBC83.06c 0 92 1 0 0.936263864 1.3 NA 35.13550111 0.0024331 NA 0 1 0 0 0 0 0 1520030 1520699 NA 45.2 0.195943548 II 1 0 0 36.9498383934557
SPBC839.09c 1 121 1 0 0.380159359 1.6 1258.68 36.57059964 0.005983 841.3 0 1 0 0 0 0 0 617191 618244 NA 41.20333333 0.631166667 II 1 0 0 40.8487611972863
SPBC887.07 2 136 1 0 0.338755847 3.4 10048.58 60.98666062 0.004598 534.6 0 1 0 0 0 0 0 3551267 3551891 NA 90.96333333 0.4960496 II 1 0 0 61.9986157947932
SPBC887.13c 2 426 1 0 0.333397341 1.1 962.49 33.35937375 0.0020513 NA 0 1 0 0 0 0 0 3565749 3567518 NA 27.37666667 0.487830508 II 1 0 0 34.0544813687659
SPBC887.14c 1 805 1 0 0.332355953 1.9 693.35 27.69702782 0.0032602 432.9 0 1 0 0 0 1 0 3567593 3570555 NA 36.795 0.522812015 II 1 0 0 37.0533970536437
SPBC8D2.15 2 370 1 0 0.853397524 3 4172.86 38.84092249 0.001574 406.1 0 1 0 0 0 0 0 1385496 1387679 NA 72.74833333 0.380508242 II 1 0 0 48.7912641471157
SPBC9B6.04c 1 439 1 0 0.932115991 19 40099.87 61.92023747 0.0013271 1558.8 0 1 0 0 0 0 0 1819756 1821476 NA 356.4666667 0.556886085 II 1 0 0 26.8934856912174
SPBP19A11.01 0 169 1 0 0.579612577 23 23690.75 77.22645974 0.003435 718.5 0 1 0 0 0 0 0 2848335 2849481 NA 531.9666667 0.290691346 II 1 0 0 81.6423213659275
SPBP23A10.06 0 335 1 0 0.868293981 2.3 NA 42.01949728 0.000869 NA 0 1 0 0 0 0 0 2005850 2007600 NA 45.28833333 0.382572335 II 1 0 0 38.7270051545146
SPBP23A10.07 0 1174 1 0 0.866800649 7.9 9680.89 31.57385666 0.0021121 619.9 0 1 0 0 0 0 0 2008119 2011955 NA 107.4316667 0.644730417 II 1 0 0 12.0624677807102
SPBP23A10.15c 0 457 1 0 0.858918053 22 49032.56 51.87392328 0.0028687 765.1 0 1 0 0 0 0 0 2032842 2034943 NA 473.2333333 0.575083764 II 1 0 0 39.4291598626232
SPBP4H10.15 1 918 1 0 0.560208868 14 22518.94 39.0333792 0.0017589 761.1 0 1 0 0 0 0 0 2902818 2906068 NA 293.75 0.59509536 II 1 0 0 35.095255275343
SPBPJ4664.01 1 378 1 0 0.421372018 1.3 1369.55 41.44327957 0.0019259 1190.4 0 1 0 0 0 0 0 684100 685682 NA 29.65 0.434625375 II 1 0 0 30.5978639227304
SPCC1183.03c 2 158 1 0 0.539380264 0.99 3131.75 57.09462585 0.0027544 677.4 0 1 0 0 0 0 0 595451 597344 NA 30.515 0.495587963 III 1 0 0 55.1253385333705
SPCC1235.07 3 244 1 0 0.172634005 0.41 NA 43.98917455 0.0017876 NA 0 1 0 0 0 1 0 190580 192114 NA 11.85666667 0.582227113 III 1 0 0 54.6947614910635
SPCC1259.06 1 222 1 0 0.945335585 1.3 5715.41 20.88695443 0.0039279 583 0 1 0 0 0 0 0 1043607 1044997 NA 27.37 0.2757964 III 1 0 0 30.9522604614951
SPCC126.05c 3 268 1 0 0.242499049 2.3 3395.86 35.01659744 0.0048843 905.3 0 1 0 0 0 0 0 2124133 2125769 NA 52.50166667 0.110177465 III 1 0 0 24.985867188053
SPCC1322.11 1 139 1 0 0.845484825 70 NA 104.8963305 0.0010428 NA 0 1 0 0 0 1 0 1311578 1312384 NA 2278.833333 0.692439575 III 1 0 0 16.0054253910557
SPCC1393.11 0 197 1 0 0.743929548 1.8 3961.39 12.48309061 0.0022119 743.2 0 1 0 0 0 0 0 821264 823477 NA 15.097 0.602319018 III 1 0 0 87.0231750231166
SPCC162.05 0 274 1 0 0.647714594 3.7 2040.1 49.76364348 0.0026836 547.6 0 1 0 0 0 0 0 1578091 1579162 NA 77.86 0.518160479 III 1 0 0 94.382739374588
SPCC1682.09c 2 300 1 0 0.352059053 4.7 9897.16 19.96349332 0.00097 1485.8 0 1 0 0 0 0 0 388657 390514 NA 37.5 0.732670037 III 1 0 0 52.1382331428226
SPCC16A11.09c 0 210 1 0 0.80228524 6.4 15636.33 36.79575968 0.0006919 723.5 0 1 0 0 0 0 0 885686 886972 NA 145.9 0.695902332 III 1 0 0 43.4894891938785
SPCC16A11.11 0 115 1 0 0.804951112 2.3 NA 41.51909197 0.0012585 1570.3 0 1 0 0 0 0 0 888629 889295 NA 50.95166667 0.574157143 III 1 0 0 17.7511445772615
SPCC1795.07 1 151 1 0 0.888756234 6.2 NA 32.43951644 0.0019209 NA 0 1 0 0 0 0 0 981146 985207 NA 124.2833333 0.550500515 III 1 0 0 20.4037651480143
SPCC18.08 0 531 1 0 0.355258134 2.1 1650.59 31.50338891 0.0024697 579.7 0 1 0 0 0 0 0 1970713 1973665 NA 40.15666667 0.393797537 III 1 0 0 29.1599013220046
SPCC18B5.04 0 166 1 0 0.657617075 2.7 1521.11 53.88999886 0.0017483 NA 0 1 0 0 0 0 0 725979 726792 NA 81.99666667 0.544075843 III 1 0 0 40.9917820442301
SPCC1919.08c 1 97 1 0 0.170700608 0.96 NA 38.53059157 0.0029793 784.3 0 1 0 0 0 0 0 2221979 2222620 NA 27.46833333 0 III 1 0 0 45.2676809249366
SPCC338.17c 1 628 1 0 0.820387137 2.6 173.28 23.54117754 0.0011605 100.4 0 1 0 0 0 1 0 1342923 1346239 NA 42.72 0.488850427 III 1 0 0 12.655480688692
SPCC4B3.09c 1 173 1 0 0.956734565 2.5 6231.8 40.30270087 0.002821 635.3 0 1 0 0 0 0 0 1160439 1162316 NA 84.20833333 0.437459291 III 1 0 0 61.8995764724373
SPCC4G3.04c 1 305 1 0 0.421126243 4.3 9178.66 42.52069009 0.0019083 550.2 0 1 0 0 0 0 0 464904 466234 0.261414447 106.5 0.690304643 III 1 0 0 36.3909981890925
SPCC4G3.06c 0 144 1 0 0.418451312 2.9 1440.11 38.07627466 0.0020136 1543.7 0 1 0 0 0 0 0 461951 462470 NA 72.93 0.65672335 III 1 0 0 31.0489862754373
SPCC4G3.14 0 528 1 0 0.401215993 2.8 7017.37 30.94828801 0.0016558 759.2 0 1 0 0 0 0 0 442924 445260 NA 47.225 0.631783333 III 1 0 0 46.5181217853649
SPCC550.06c 0 104 1 0 0.931900048 26 81121 52.30318004 0.0013903 800.2 0 1 0 0 0 0 0 1194996 1195816 NA 724.3666667 0.454395245 III 1 0 0 44.5754021396453
SPCC576.06c 2 445 1 0 0.26625345 1.6 974.58 34.20731371 0.0039279 NA 0 1 0 0 0 0 0 2092017 2093726 NA 30.57666667 0.48175 III 1 0 0 24.5486721897025
SPCC613.09 2 384 1 0 0.085601393 1.6 NA 29.47704667 0.0034126 590.4 0 1 0 0 0 0 0 94500 96690 NA 32.86833333 0.556125106 III 1 0 0 57.4781781529775
SPCC645.03c 1 190 1 0 0.905204054 2.8 600.32 18.54156236 0.0007643 88.4 0 1 0 0 0 0 0 1230674 1231827 NA 77.01833333 0.31948176 III 1 0 0 29.8472057552442
SPCC645.09 0 139 1 0 0.8878577 2.2 NA 43.97136685 0.008342 777 0 1 0 0 0 0 0 1254339 1255226 NA 40.98833333 0.136379368 III 1 0 0 44.8485357311872
SPCC736.10c 0 152 1 0 0.300266134 4.5 6348.3 42.43254403 0.0028625 815.1 0 1 0 0 0 0 0 331480 332651 NA 99.30833333 0.581821809 III 1 0 0 74.3904039773276
SPCC777.11 0 128 1 0 0.618661175 1.5 NA 52.17343018 0.0011317 475.8 0 1 0 0 0 0 0 1616391 1618353 NA 30.27333333 0.042036765 III 1 0 0 66.895829149728
SPCC895.04c 2 319 1 0 0.906479799 1.9 3073.8 32.09315683 0.0009124 316.3 0 1 0 0 0 0 0 1000712 1002369 NA 58.37166667 0.3224625 III 1 0 0 31.8105416283933
