SPAC1142.04 0 707 1 0 0.96286544 4.8 3029.73 25.96119996 0.0039177 942.9 0 0 0 0 1 0 0 3631499 3633874 NA 95.13333333 0.496134454 I 1 0 0 20.3856980596305
SPAC1A6.02 0 361 1 0 0.283349516 3.4 5687.07 44.22972189 0.0036295 813.1 0 0 0 0 1 0 0 1068668 1070235 NA 65.95666667 0.598797069 I 1 0 0 48.7384597486881
SPAC1B3.13 1 806 1 0 0.345729841 3.8 10852.94 21.1205237 0.0003645 2921.1 0 0 0 0 1 0 0 4951337 4954199 NA 70.15166667 0.471790207 I 1 0 0 20.6776343573759
SPAC1B9.03c 2 389 1 0 0.638108589 3 2758.67 33.67844787 0.0022614 1490 0 0 0 0 1 0 0 2406661 2408084 NA 83.95666667 0.592433457 I 1 0 0 14.3616097566161
SPAC227.02c 0 205 1 0 0.133035613 2.4 NA 31.237042 0.0014173 539.2 0 0 0 0 1 0 0 501751 502444 NA 48.73833333 0.59638535 I 1 0 0 58.936404303808
SPAC24C9.11 3 775 1 0 0.813050005 1.4 1220.12 21.87572902 0.0016931 618.4 0 0 0 0 1 0 0 3066462 3069156 NA 20.86833333 0.514871332 I 1 0 0 22.7654162821017
SPAC25B8.16 0 698 1 0 0.768582729 1.9 992.91 21.59258077 0.0035504 542.8 0 0 0 0 1 0 0 4187325 4189859 NA 35.82833333 0.50086217 I 1 0 0 16.1348578251845
SPAC2G11.11c 2 719 1 0 0.219623264 2 3744.92 18.83611935 0.0030414 NA 0 0 0 0 1 0 0 828321 831629 NA 33.605 0.185767771 I 1 0 0 50.7443087874176
SPAC607.03c 1 125 1 0 0.541119125 15 101274.37 103.916188 0.0023172 704.5 0 0 0 0 1 0 0 2040860 2041514 NA 706.6666667 0.55688225 I 1 0 0 6.57322050411293
SPAC664.06 1 249 1 0 0.454132169 18 14236.5 22.16091301 0.0059549 1206.7 0 0 0 0 1 0 0 1712784 1713921 NA 407.25 0.558778293 I 1 0 0 14.1875859958061
SPAC8F11.04 2 373 1 0 0.758145847 5.1 9696.87 34.81519739 0.003513 4008.2 0 0 0 0 1 0 0 2859388 2861935 NA 145.15 0.464548419 I 1 0 0 55.3390095521399
SPAP27G11.13c 1 64 1 0 0.433537741 16 13028.17 NA 0 1229.2 0 0 0 0 1 0 0 1635111 1635536 NA 500.25 0.368436451 I 1 0 0 27.7934587629893
SPBC1289.07c 0 348 1 0 0.048896581 3.7 26517.9 46.61394103 0.0012549 863.8 0 0 0 0 1 0 0 4395913 4397207 NA 92.195 0.655060365 II 1 0 0 37.4026398375924
SPBC24C6.02 1 606 1 0 0.760293701 2.6 688.74 24.42362201 0.0052911 NA 0 0 0 0 1 0 0 2320336 2322561 NA 44.32 0.561427778 II 1 0 0 17.8910600760531
SPBC4F6.14 0 674 1 0 0.624313428 4.6 1338.37 31.74019902 0.0028116 1487.4 0 0 0 0 1 0 0 2716857 2719120 NA 99.16166667 0.588062115 II 1 0 0 17.1153422578382
SPBC651.01c 3 642 1 0 0.761728629 14 9236.23 24.88070652 0.0031785 869.4 0 0 0 0 1 0 0 1236671 1239251 NA 292.7333333 0.657121224 II 1 0 0 25.8561104874105
SPBC947.07 0 233 1 0 0.406702531 3.2 829.11 19.89135796 0.0024955 NA 0 0 0 0 1 0 0 660284 661497 NA 50.55333333 0.336452068 II 1 0 0 48.7644704820157
SPBC9B6.06 0 254 1 0 0.931265255 2.4 3575.99 28.34205141 0.0033028 NA 0 0 0 0 1 0 0 1822936 1823957 NA 43.965 0.458802978 II 1 0 0 28.4362535751559
SPCC1183.07 0 1690 1 0 0.549173245 9.5 7267.14 39.11765672 0.0024196 1156.4 0 0 0 0 1 0 0 606262 611786 NA 117.5533333 0.60491476 III 1 0 0 20.455802722641
SPCC18.12c 2 260 1 0 0.351568541 3.3 2931.35 36.30528355 0.0011187 1900.8 0 0 0 0 1 0 0 1977107 1978642 NA 63.91166667 0.413765283 III 1 0 0 37.8409520231892
SPCC1827.05c 2 276 1 0 0.049745391 4.1 3267.91 50.73184095 0.0021081 NA 0 0 0 0 1 0 0 2384639 2385780 NA 119.465 0.487700565 III 1 0 0 38.6435719435098
SPCC613.05c 1 122 1 0 0.080461686 98 122472.19 123.5099478 0 1199.9 0 0 0 0 1 0 0 88826 89634 NA 3493.166667 0.936582251 III 1 1 0 13.3048808102409
