SPAC1556.07 1 257 1 0 0.980397537 14 72535.91 106.4512205 0.003395 769.3 0 0 0 0 0 0 0 3805812 3806987 NA 340.25 0.547997352 I 1 0 0 15.5596960700037
SPAC15F9.03c 4 123 1 0 0.636514816 12 15833.72 108.1932369 0 NA 0 0 0 1 0 0 0 2400650 2401615 NA 532.25 0.527880618 I 1 0 0 32.3132307131535
SPAC18G6.14c 0 195 1 0 0.594383111 130 149704.21 102.438979 0.0014896 3208.3 0 0 0 0 0 0 0 2241748 2242554 NA 3878 0.829820548 I 1 0 0 50.6838470716762
SPAC1F8.05 0 182 1 0 0.025443358 0.14 NA 142.7776669 NA NA 0 0 0 0 0 0 0 95961 96966 1.049797277 2.809833333 0 I 1 0 0 108.064463829421
SPAC1F8.07c 1 568 1 0 0.026968989 310 500408.2 101.5255135 0.0137033 867.8 0 0 0 0 0 0 0 101715 103594 NA 5904.166667 0.516853399 I 1 0 0 33.2070009243684
SPAC20G4.06c 2 137 1 0 0.416598113 28 73661.01 108.505041 0 717.1 0 0 0 0 0 0 0 4825257 4826099 NA 1113.416667 0.552309722 I 1 0 0 31.920666000845
SPAC23A1.08c 0 112 1 0 0.821707378 110 157779.05 127.6835897 0 4041.2 0 0 0 0 0 0 0 4093344 4093832 NA 3902.5 0.895897243 I 1 1 0 11.0057756395551
SPAC23C11.05 0 289 1 0 0.567505861 80 132176.79 111.3512812 0.0010068 839.6 0 0 0 0 0 0 0 2140379 2141698 NA 2069 0.54829698 I 1 0 0 45.6639636535724
SPAC31G5.05c 1 228 1 0 0.794047228 10 46805.82 109.0456872 0.00255 767.1 0 0 0 0 0 0 0 2994792 2995933 NA 251.9333333 0.515851528 I 1 0 0 50.8964118280373
SPAC4A8.15c 2 127 1 0 0.68379135 15 48285.67 115.6167518 0 669.5 0 0 0 0 0 0 0 2578956 2579514 NA 417.2166667 0.718227626 I 1 0 0 7.70207411483716
SPAC4G9.03 0 220 1 0 0.598118707 24 108655.54 105.9501204 0.0026423 749.3 0 0 0 0 0 0 0 2255837 2256730 NA 614.4 0.758720472 I 1 0 0 49.3634889927161
SPAC607.03c 1 125 1 0 0.541119125 15 101274.37 103.916188 0.0023172 704.5 0 0 0 0 1 0 0 2040860 2041514 NA 706.6666667 0.55688225 I 1 0 0 6.57322050411293
SPAC664.05 0 208 1 0 0.453695214 200 210858.38 132.9869433 0.0034925 1424.2 0 0 0 0 0 0 0 1711136 1712043 NA 5448.166667 0.794112922 I 1 1 0 64.0128880039853
SPAC6F6.07c 3 151 1 0 0.728047908 220 145064.91 120.2263919 0.0009604 1716.4 0 0 0 0 0 0 0 2745872 2746733 NA 7556 0.912915512 I 1 1 0 21.2276131999123
SPAC890.08 1 113 1 0 0.310060584 72 83275.66 168.951606 0 919.1 0 0 0 0 0 0 0 5018030 5018674 NA 2674.666667 0.777212693 I 1 1 0 16.6878272488138
SPBC106.18 1 141 1 0 0.254672296 210 111384.98 134.7583044 0.0010281 4567.3 0 0 0 0 0 0 0 413462 414503 NA 4289.333333 0.816436333 II 1 1 0 40.286208679838
SPBC1289.05c 4 108 1 0 0.050434832 9.9 37316.17 110.1226699 0 685 0 0 0 0 0 0 0 4391989 4392721 NA 492.3166667 0.449897394 II 1 0 0 57.2690715476006
SPBC18H10.14 1 140 1 0 0.941278635 100 90216.16 109.6012649 0.0020707 NA 0 0 0 0 0 0 0 1793858 1794755 0.623259917 2751 0.633005472 II 1 0 0 27.5683649483467
SPBC29A3.04 1 259 1 0 0.85497504 140 193645.11 106.6779972 0.0005615 NA 0 0 0 0 0 0 0 2045495 2046442 NA 4170.5 0.871442013 II 1 0 0 20.4373074218068
SPBC2G2.04c 0 162 1 0 0.376168691 41 104351.21 118.0878552 0.0044781 828.7 0 0 0 0 0 0 0 3442121 3442784 NA 921.2333333 0.53234375 II 1 0 0 97.2618847182373
SPCC1183.08c 0 216 1 0 0.55418704 90 200647.84 114.8301356 0.0020182 1795.2 0 0 0 0 0 0 0 611797 612630 NA 2484 0.883674541 III 1 1 0 25.8121068956473
SPCC1322.11 1 139 1 0 0.845484825 70 NA 104.8963305 0.0010428 NA 0 1 0 0 0 1 0 1311578 1312384 NA 2278.833333 0.692439575 III 1 0 0 16.0054253910557
SPCC1450.04 1 214 1 0 0.533042139 66 119081.14 102.2109574 0.001358 675.4 0 0 0 0 0 0 0 1732730 1733847 NA 2323.166667 0.625153368 III 1 1 0 31.7710557237033
SPCC576.09 0 118 1 0 0.263813737 180 100375.22 144.6974587 0 790.4 0 0 0 0 0 0 0 2096504 2097017 NA 5238.833333 0.99629385 III 1 1 0 20.9409505359629
SPCC613.05c 1 122 1 0 0.080461686 98 122472.19 123.5099478 0 1199.9 0 0 0 0 1 0 0 88826 89634 NA 3493.166667 0.936582251 III 1 1 0 13.3048808102409
SPCP31B10.08c 1 108 1 0 0.489337418 100 30327.64 121.5666265 0.0026786 NA 0 0 0 0 0 0 0 540206 540821 NA 3712.5 0.758727876 III 1 0 0 17.4734554796833
