SPAC1071.01c 0 670 1 0 0.95217913 4.2 982.2 22.54032999 0.001306 639.8 0 0 0 0 0 1 0 3855385 3857994 NA 80.505 0.485289126 I 1 0 0 25.1564200423211
SPAC1250.01 1 1199 1 0 0.262748682 4.6 2253.64 26.25451722 0.0029197 655.2 0 0 1 0 0 1 0 5100148 5104194 NA 54.00166667 0.580811187 I 1 0 0 19.6814923297723
SPAC12G12.08 0 213 1 0 0.088339714 1.5 2313 37.26882639 0.0020465 655.9 0 1 0 0 0 1 0 333178 334621 NA 40.525 0.312641369 I 1 0 0 56.6507819762365
SPAC13G7.10 2 390 1 0 0.613446076 4 NA 22.42188548 0.0022402 NA 0 0 0 0 0 1 0 2313645 2315160 NA 59.62333333 0.552362319 I 1 0 0 56.0902531308252
SPAC1486.06 1 410 1 0 0.849480877 4.2 14661.57 40.31269831 0.0014208 353.2 0 1 0 0 0 1 0 3203863 3205821 NA 70.185 0.486132054 I 1 0 0 25.8239654439914
SPAC15A10.02 0 450 1 0 0.975183704 5.5 3824.46 29.39300555 0.0009711 594.7 0 0 0 0 0 1 0 3677958 3680028 NA 93.79666667 0.456283042 I 1 0 0 47.8153389157225
SPAC167.03c 0 649 1 0 0.412295038 2.4 1394.88 23.64165402 0.0024705 NA 0 0 0 0 0 1 0 1554993 1557929 NA 36.815 0.515222976 I 1 0 0 16.4918006774539
SPAC1687.11 3 802 1 0 0.24453342 6.5 1427.1 27.0949099 0.0027281 482.3 0 0 0 0 0 1 0 922271 925133 NA 124.825 0.596332868 I 1 0 0 13.9104085676892
SPAC16E8.16 1 340 1 0 0.935945767 2.6 855.06 20.74010717 0.0008562 545.4 0 0 0 0 0 1 0 3529970 3532143 NA 27.09166667 0.48502593 I 1 0 0 50.9961271055634
SPAC1783.03 0 351 1 0 0.580887878 1.1 NA 23.40613749 0.0049768 NA 0 0 0 0 0 1 0 2190850 2193879 NA 16.93833333 0.338034836 I 1 0 0 37.6550082178681
SPAC17A2.03c 1 343 1 0 0.942458732 3.5 12525.75 35.74093576 0.003395 875.1 0 0 0 0 0 1 0 3554534 3556722 NA 97.61 0.348269565 I 1 0 0 45.7295256975833
SPAC17A5.06 0 804 1 0 0.467062648 2.9 180.24 20.82531255 0.0030829 NA 0 0 0 0 0 1 0 1761552 1764319 NA 44.07333333 0.744135525 I 1 0 0 24.4981885930473
SPAC17A5.07c 6 638 1 0 0.467773496 2 NA 27.39838661 0.0026827 NA 0 0 0 0 0 1 0 1764233 1766758 0.727703421 42.15333333 0.487520973 I 1 0 0 14.0617736734364
SPAC17C9.13c 0 262 1 0 0.608622362 6.6 NA 22.82500356 0.0005551 NA 0 0 0 1 0 1 0 4477472 4479000 NA 147.7166667 0.453164777 I 1 0 0 50.685591722362
SPAC17G6.14c 0 434 1 0 0.959039961 11 48907.61 57.43388878 0.0003356 892.8 0 0 0 0 0 1 0 3617071 3618932 NA 233.15 0.676927461 I 1 0 0 29.4815293957965
SPAC17G8.02 0 330 1 0 0.621511716 1.4 2172.2 24.05606106 0.0022052 674.4 0 0 1 0 0 1 0 2344065 2346044 NA 26.59666667 0.326001616 I 1 0 0 118.508858053319
SPAC17H9.02 0 1030 1 0 0.531543496 2.2 NA 36.77994587 0.0021239 1289.6 0 0 0 0 0 1 0 2004745 2008108 NA 37.02166667 0.402001254 I 1 0 0 20.1578436461222
SPAC17H9.20 5 962 1 0 0.539917233 1.1 722.74 23.27001547 0.0028823 417 0 0 0 0 0 1 0 2036327 2040544 NA 16.67333333 0.481506158 I 1 0 0 22.9665332336094
SPAC1851.03 3 231 1 0 0.593832413 2.6 NA 29.44511351 0.0012585 649.7 0 0 0 0 0 1 0 4502333 4505734 0.795864802 72.79 0.445456948 I 1 0 0 14.5540221773165
SPAC19B12.05c 5 723 1 0 0.379141382 4 2059.85 36.41205964 0.0010082 544.1 0 0 0 0 0 1 0 4890740 4893805 NA 93.80666667 0.469321389 I 1 0 0 48.7980153944033
SPAC19D5.04 0 3227 1 0 0.199379391 4.8 2451.44 40.63084598 0.0028492 601.5 0 0 0 0 0 1 0 5208643 5218739 NA 29.85 0.527956115 I 1 0 0 9.91402711221252
SPAC19G12.07c 6 603 1 0 0.842265262 2.6 8193.86 41.12819924 0.0014478 552.5 0 0 1 0 0 1 0 4053604 4056672 NA 49.93 0.400012826 I 1 0 0 37.87794220112
SPAC1B1.01 1 478 1 0 0.937684042 9.3 2256.83 55.32312202 0.0027468 339.3 0 0 1 0 0 1 0 3536526 3538612 NA 135.15 0.342525157 I 1 0 0 39.196803628982
SPAC1D4.14 1 1628 1 0 0.177699431 3.1 1042.4 32.11272368 0.0030476 554.9 0 0 0 0 0 1 0 670203 675444 NA 38.70166667 0.428863287 I 1 0 0 15.8107771902392
SPAC20G8.01 2 768 1 0 0.367989693 2.2 1096.07 25.5668145 0.0017085 799.2 0 0 0 0 0 1 0 1387893 1390617 NA 29.70333333 0.507747488 I 1 0 0 20.9348027339707
SPAC222.09 1 620 1 0 0.254501725 11 8022.21 36.00753815 0.0018806 588.9 0 0 1 0 0 1 0 959867 962227 NA 157.5333333 0.598600535 I 1 0 0 42.8540011052767
SPAC22A12.09c 4 481 1 0 0.310840306 1.9 1543.31 33.91532569 0.0030287 523.3 0 0 0 0 0 1 0 1172351 1174497 NA 39.63166667 0.482674272 I 1 0 0 30.5813955800923
SPAC22E12.02 1 219 1 0 0.307030564 1.5 2090.62 27.85694819 0.0006636 NA 0 0 0 0 0 1 0 5021952 5024151 NA 26.76833333 0.360437977 I 1 0 0 57.7322969048737
SPAC22F8.10c 0 601 1 0 0.427466794 2.1 1033.07 24.94515246 0.0026675 476.4 0 0 1 0 0 1 0 4804513 4806453 NA 39.18 0.60215406 I 1 0 0 31.6088598043607
SPAC23C4.18c 2 648 1 0 0.280692256 1 NA 20.99897353 0.0020245 NA 0 0 0 0 0 1 0 1058646 1063306 NA 19.815 0.507680423 I 1 0 0 58.8871569780875
SPAC23C4.19 0 990 1 0 0.282039976 7.3 3664.05 36.47730489 0.0020624 625.8 0 0 0 0 0 1 0 1063729 1066954 NA 105.86 0.644245876 I 1 0 0 18.6845728526707
SPAC23G3.09 0 365 1 0 0.234482921 2.8 2304.11 24.68225264 0.0011966 604.2 0 0 1 0 0 1 0 884365 885989 NA 61.70833333 0.593387077 I 1 0 0 30.4694051982958
SPAC23H4.15 0 783 1 0 0.418837434 4.2 4028.58 19.82712865 0.0018644 929.8 0 0 0 0 0 1 0 1579668 1582323 NA 66.81166667 0.618001278 I 1 0 0 22.6944397675887
SPAC24H6.06 1 699 1 0 0.126333601 1.4 NA 23.92536959 0.0041461 NA 0 0 0 0 0 1 0 476474 478803 NA 31.49666667 0.419085911 I 1 0 0 39.2665291380351
SPAC25G10.03 1 330 1 0 0.706874222 16 NA 69.9757977 0.0035283 54.1 0 0 0 0 0 1 0 4299757 4301402 0.583014088 313.45 0.273741798 I 1 0 0 56.891702677229
SPAC25G10.07c 0 1085 1 0 0.701929487 1.3 349.58 20.26575682 0.004436 NA 0 0 0 0 0 1 0 4306511 4310340 NA 16.47666667 0.394733583 I 1 0 0 26.417309819728
SPAC26A3.12c 0 991 1 0 0.889857072 4.1 2185.72 29.74396137 0.0013245 1064 0 0 0 0 0 1 0 3356144 3361083 NA 59.99666667 0.497704314 I 1 0 0 46.4100636959168
SPAC27F1.09c 2 1166 1 0 0.687292782 3.6 999.68 23.35643198 0.00221 601.7 0 0 0 0 0 1 0 4333135 4336797 NA 58.235 0.73503338 I 1 0 0 11.7539159983455
SPAC29E6.02 4 542 1 0 0.647018471 2.8 355.77 30.52922941 0.0024196 737.4 0 0 1 0 0 1 0 4403839 4409596 NA 48.55166667 0.449476708 I 1 0 0 24.1144610322604
SPAC29E6.08 3 231 1 0 0.642838847 10 5963.89 21.98052857 0.0012585 112.5 0 0 0 0 0 1 0 4415474 4417151 NA 217.85 0.483441621 I 1 0 0 28.224108302821
SPAC2C4.03c 3 115 1 0 0.727222434 5.7 4662.05 60.32741082 0.0012585 1072.9 0 0 0 0 0 1 0 4263953 4264621 NA 169.2 0.637754816 I 1 0 0 46.6585663212351
SPAC2F3.14c 0 331 1 0 0.900350137 1.5 NA 26.51932473 0.0064405 361.3 0 0 0 0 0 1 0 3950396 3951679 NA 25.13833333 0.392285996 I 1 0 0 38.561357824946
SPAC30D11.08c 1 538 1 0 0.29291719 2.7 1109.5 28.88636874 0.0021668 NA 0 0 1 0 0 1 0 1104753 1106608 NA 59.705 0.458708227 I 1 0 0 44.0752851151322
SPAC3A12.11c 2 388 1 0 0.381605301 2.8 826.7 27.96684254 0.0015011 565.5 0 0 0 0 0 1 0 1439245 1440658 NA 62.15333333 0.579239009 I 1 0 0 22.0753754376989
SPAC3H5.06c 1 1405 1 0 0.909694253 3.1 667.03 29.99206501 0.0020766 892.9 0 0 0 0 0 1 0 3430961 3436241 NA 29.97333333 0.532665356 I 1 0 0 30.1651200373371
SPAC458.07 3 434 1 0 0.460797011 2.2 1534.03 24.47912664 0.0029262 433.8 0 0 0 0 0 1 0 4744528 4746206 NA 39.78666667 0.578940645 I 1 0 0 14.7447240760068
SPAC4D7.13 0 695 1 0 0.111403706 3.6 3537.34 20.81760112 0.0023072 723.8 0 0 1 0 0 1 0 5375546 5377762 NA 73.78666667 0.520794089 I 1 0 0 22.3332356550432
SPAC57A10.05c 0 605 1 0 0.363967214 5.1 701.01 17.73665395 0.0021681 NA 0 0 0 0 0 1 0 1372722 1376240 NA 38.63833333 0.289240073 I 1 0 0 77.6915810790899
SPAC637.12c 0 463 1 0 0.562196728 2.7 564.71 19.01493273 0.0018891 NA 0 0 0 0 0 1 0 4559101 4562918 NA 49.375 0.473585437 I 1 0 0 31.0110357072641
SPAC644.04 1 303 1 0 0.709702155 3.2 4066.64 30.45507255 0.0019209 629.5 0 0 0 0 0 1 0 2676680 2679291 NA 74.09 0.336725571 I 1 0 0 74.1752198923157
SPAC644.12 5 757 1 0 0.714484533 2.8 2623.94 29.0378993 0.0028889 1403.5 0 0 1 0 0 1 0 2694717 2697430 NA 55.82 0.5947046 I 1 0 0 9.51833330182897
SPAC664.08c 3 452 1 0 0.45498752 3 1831.82 24.06853322 0.0064453 1270.8 0 0 1 0 0 1 0 1716010 1717792 NA 70.37166667 0.512946677 I 1 0 0 26.5620043365865
SPAC6B12.10c 1 454 1 0 0.644025248 2.2 701.69 32.10330283 0.0022459 449.8 0 0 0 0 0 1 0 2428976 2430742 NA 41.105 0.555544402 I 1 0 0 23.1476313451289
SPAC6F12.16c 1 1117 1 0 0.356596777 3.9 6280.52 33.37965656 0.0014368 864.7 0 0 0 0 0 1 0 1344924 1348614 NA 71.47833333 0.450854388 I 1 0 0 17.7887445977941
SPAC6F12.17 1 733 1 0 0.357594509 4.1 4877.53 29.50807959 0.0013922 899.5 0 0 1 0 0 1 0 1348687 1351231 NA 73.53833333 0.562790307 I 1 0 0 23.2613230511462
SPAC890.04c 1 440 1 0 0.315065068 2.3 12021.47 32.23667038 0 1012.3 0 0 0 0 0 1 0 5007016 5009628 NA 52.87 0.381267888 I 1 0 0 28.8348794597759
SPAC9G1.13c 3 437 1 0 0.528994149 2.2 NA 27.05348611 0.0009999 498.6 0 0 1 0 0 1 0 1995130 1996858 NA 46.00666667 0.531602855 I 1 0 0 46.0676688597967
SPAPB1E7.02c 2 815 1 0 0.870464535 1.9 183.3 22.18724822 0.0030414 597.5 0 0 0 0 0 1 0 3283004 3285778 0.399040214 28.885 0.557673138 I 1 0 0 21.7212367649426
SPAPB1E7.03 1 591 1 0 0.871388027 3.8 1392.33 30.85375194 0.0014796 894.9 0 0 1 0 0 1 0 3286487 3288578 NA 69.16333333 0.568078782 I 1 0 0 24.1821932623227
SPAPB8E5.07c 0 1163 1 0 0.362785804 5.8 4535.04 26.18489595 0.0021333 633.9 0 0 1 0 0 1 0 4919715 4923369 NA 84.64166667 0.497929193 I 1 0 0 14.430062385739
SPBC1105.17 0 120 1 0 0.342777384 0.33 NA 23.98147643 0.0012065 NA 0 0 0 0 0 1 0 3538181 3540163 NA 9.542833333 0.287848714 II 1 0 0 104.759665913696
SPBC119.11c 0 363 1 0 0.454265645 4.2 3271.21 23.99318659 0.0020053 324.5 0 0 1 0 0 1 0 737503 738906 NA 47.43 0.510694686 II 1 0 0 19.9326825471943
SPBC119.13c 0 518 1 0 0.45693456 3.1 NA 20.70547447 0.0028128 609.1 0 0 0 0 0 1 0 741836 743917 NA 48.35166667 0.530275952 II 1 0 0 52.7325722718282
SPBC1198.04c 8 897 1 0 0.109312192 1.1 567.05 33.52301566 0.0039191 NA 0 0 0 0 0 1 0 177469 180735 NA 17.915 0.554228409 II 1 0 0 35.2528435132197
SPBC1198.13c 2 307 1 0 0.119517883 3 3533.66 27.59024843 0.0014219 550.5 0 0 1 0 0 1 0 194038 197189 NA 55.18833333 0.545102041 II 1 0 0 60.7845636559745
SPBC13E7.02 0 533 1 0 0.513075138 1 1009.23 15.29818909 0.0013686 NA 0 0 0 0 0 1 0 3041445 3043524 NA 17.44666667 0.34759136 II 1 0 0 50.7133442498809
SPBC13E7.10c 3 492 1 0 0.507899398 0.93 278.92 19.76093958 0.0011656 NA 0 0 0 0 0 1 0 3056037 3058618 NA 16.575 0.548370306 II 1 0 0 55.0271731976766
SPBC13G1.09 1 449 1 0 0.272850031 3.8 6041.96 20.58364864 0.0035685 1553.6 0 0 0 0 0 1 0 3742371 3744092 NA 77.40666667 0.642281861 II 1 0 0 19.3770677026732
SPBC146.07 0 517 1 0 0.624114725 5 4638.75 24.04785682 0.0022546 661.8 0 0 0 0 0 1 0 1013254 1015179 NA 112.5883333 0.470892716 II 1 0 0 34.6493360166182
SPBC14F5.08 1 376 1 0 0.124821263 1.4 4276.39 24.20074576 0.0030978 587.9 0 0 0 0 0 1 0 4172385 4175788 NA 29.59166667 0.531701164 II 1 0 0 110.355856429032
SPBC16A3.11 0 872 1 0 0.089204875 1.5 NA 28.05808285 0.0037001 NA 0 0 1 0 0 1 0 4276864 4279656 NA 28.415 0.513077449 II 1 0 0 61.6607150761757
SPBC16C6.12c 0 470 1 0 0.063669762 2.2 1872.89 29.14032433 0.0015497 555.5 0 0 1 1 0 1 0 4352543 4354124 NA 41.65833333 0.535062976 II 1 0 0 31.2975875140523
SPBC16E9.10c 3 779 1 0 0.893352463 1.9 2666.05 27.48422244 0.0022459 797.7 0 0 0 0 0 1 0 1931810 1934522 NA 29.65 0.673521972 II 1 0 0 14.6795059820473
SPBC16H5.10c 0 735 1 0 0.774120134 5.8 16262.98 26.82247134 0.0019835 981.8 0 0 0 0 0 1 0 2279697 2282239 NA 100.4933333 0.289111511 II 1 0 0 23.2796174459957
SPBC1709.15c 1 797 1 0 0.694764294 2.7 2726.14 33.09804115 0.0025611 83.3 0 0 0 0 0 1 0 1127954 1130425 NA 49.08666667 0.667958565 II 1 0 0 10.4501442480436
SPBC1711.17 0 1173 1 0 0.812629916 1.3 213.87 17.57577414 0.0012435 569.1 0 0 0 0 0 1 0 2166108 2169933 NA 15.01666667 0.361567035 II 1 0 0 21.6623350839608
SPBC17G9.05 0 432 1 0 0.809366875 1.9 NA 27.24467165 0.0037086 NA 0 0 1 0 0 1 0 2177733 2179449 1.118115446 27.14333333 0.545804185 II 1 0 0 38.2401026851823
SPBC1861.04c 2 1014 1 0 0.137184197 1.2 4942.11 28.12519851 0.0038834 1207.4 0 0 0 0 0 1 0 4135960 4139734 NA 20.875 0.429240377 II 1 0 0 38.7776478481046
SPBC19F5.02c 0 710 1 0 0.285808926 3.7 2920.22 22.21492307 0.0014373 757.4 0 0 1 0 0 1 0 3703456 3706300 NA 74.15666667 0.503784399 II 1 0 0 31.7801926306058
SPBC19G7.13 0 485 1 0 0.741792505 1.7 NA 19.68754204 0.0021027 NA 0 0 0 0 0 1 0 2373930 2376516 NA 29.515 0.604165622 II 1 0 0 24.5479422479169
SPBC20F10.09 3 80 1 0 0.424397301 3.7 4242.72 NA 0 835.9 0 0 0 0 0 1 0 3301282 3302135 NA 177.1833333 0.35656625 II 1 0 0 37.8114118576754
SPBC21.01 2 441 1 0 0.453954294 0.73 NA 25.54897413 0.0036331 NA 0 0 0 0 0 1 0 3214158 3215938 NA 16.525 0.191974297 II 1 0 0 30.2179915089414
SPBC23E6.07c 3 934 1 0 0.234438662 3 3262.17 28.70657223 0.0024981 841.9 0 0 0 0 0 1 0 3852657 3856111 NA 46.14166667 0.485801077 II 1 0 0 53.2730508366982
SPBC23G7.12c 1 403 1 0 0.828786016 8.2 20563.61 35.47696586 0.0014454 670.9 0 0 0 1 0 1 0 2121444 2122817 1.024617702 161.45 0.786164596 II 1 1 0 19.5845134197324
SPBC26H8.10 1 970 1 0 0.193939714 5.2 6514.75 34.23853628 0.0016538 NA 0 0 0 0 0 1 0 3970898 3974218 NA 92.29333333 0.584227133 II 1 0 0 25.9286927443178
SPBC28F2.04c 1 187 1 0 0.971605279 2.8 6141.16 38.96185479 0.0023296 605 0 0 0 0 0 1 0 1577407 1578049 NA 84.48 0.450005405 II 1 0 0 18.4137067387767
SPBC29A10.15 1 707 1 0 0.674254483 1.6 554.73 33.92155147 0.0020619 NA 0 0 1 0 0 1 0 2571077 2573477 NA 31.14166667 0.541694677 II 1 0 0 27.3462125407989
SPBC2F12.08c 0 402 1 0 0.964702853 0.51 301.55 18.46119985 0 527.7 0 0 0 0 0 1 0 1724847 1726443 NA 8.9615 0.244321397 II 1 0 0 28.9816461331153
SPBC30D10.15 0 516 1 0 0.504832497 1.7 12192.58 23.75432468 0.0031061 397.4 0 0 0 1 0 1 0 3065905 3067562 NA 31.31333333 0.358900698 II 1 0 0 31.8105416283933
SPBC31F10.11c 0 674 1 0 0.26287197 2.4 3584.76 22.08954029 0.002379 307.9 0 0 0 0 0 1 0 3770856 3773191 NA 57.39166667 0.62562367 II 1 0 0 29.4894481520135
SPBC32H8.10 2 591 1 0 0.905763822 4.2 5148.28 20.54096196 0.0019728 546.6 0 0 0 0 0 1 0 1470513 1473182 NA 67.18166667 0.291879808 II 1 0 0 49.5853473702115
SPBC336.04 1 1086 1 0 0.614206093 2.2 1185.99 29.14404166 0.0037604 358.7 0 0 0 0 0 1 0 2743619 2748596 NA 36.56333333 0.567671963 II 1 0 0 43.0286473788972
SPBC336.07 0 1339 1 0 0.611954951 1.2 NA 23.0122967 0.0041399 NA 0 0 1 1 0 1 0 2750876 2755161 NA 11.2585 0.478842625 II 1 0 0 16.0726436964777
SPBC336.15 1 1018 1 0 0.605996369 2.2 521.54 25.76730833 0.0025787 NA 0 0 1 0 0 1 0 2769046 2772538 NA 33.62833333 0.376893527 II 1 0 0 23.4193327150545
SPBC337.06c 1 265 1 0 0.641197507 2.9 10509.29 41.06311069 0.0038514 269 0 0 0 0 0 1 0 1040988 1042032 NA 45.585 0.506445434 II 1 0 0 36.0504976212414
SPBC337.12 2 376 1 0 0.647707492 2 NA 19.18453626 0.0030896 NA 0 0 1 0 0 1 0 1051557 1053615 NA 52.88166667 0.335625708 II 1 0 0 47.5712491680004
SPBC337.14 3 135 1 0 0.650154049 9.1 3204.5 62.8577417 0.0010734 573.1 0 1 0 0 0 1 0 1055529 1056502 NA 246.4166667 0.493628362 II 1 0 0 19.8917530142432
SPBC365.05c 0 379 1 0 0.697155435 2.2 871.02 22.70096274 0.0011535 199.2 0 0 0 0 0 1 0 2505270 2506691 NA 46.09333333 0.519891255 II 1 0 0 45.4162387151263
SPBC3B9.02c 0 381 1 0 0.187492842 1.7 NA 25.42111369 0.0030573 NA 0 0 0 0 0 1 0 3991612 3993019 NA 41.25833333 0.248553257 II 1 0 0 85.6199318504483
SPBC409.09c 0 329 1 0 0.710994601 1.4 167.52 17.19831193 0.0039814 NA 0 0 0 0 0 1 0 1154304 1155626 NA 21.43166667 0.437357988 II 1 0 0 57.7641004428896
SPBC409.12c 2 325 1 0 0.715417744 0.48 NA 24.46858615 0.0031802 NA 0 0 0 0 0 1 1 1161485 1163251 NA 9.562333333 0.103639535 II 1 0 0 30.4574096646433
SPBC428.18 0 444 1 0 0.293924999 1.3 NA 21.35157689 0.0039367 NA 0 1 0 0 0 1 0 477189 478738 NA 24.20166667 0.537178 II 1 0 0 40.2768785405243
SPBC557.03c 2 539 1 0 0.702494052 6.1 17079.54 54.84008216 0.000811 889.6 0 0 0 0 0 1 0 2489019 2491122 NA 130.4166667 0.502968769 II 1 0 0 48.6001242714386
SPBC577.07 2 502 1 0 0.47091911 0.76 100 28.25865987 0.0020316 NA 0 0 0 0 0 1 0 764540 766395 NA 12.44333333 0.581235433 II 1 0 0 18.5580147853188
SPBC582.03 1 482 1 0 0.258746195 12 3618.29 20.12203384 0.0006045 93.8 0 0 1 0 0 1 0 420076 423276 NA 198.6166667 0.491542488 II 1 0 0 36.3159652031357
SPBC646.04 3 566 1 0 0.572124156 3.5 4078.31 36.62937027 0.0015448 643.1 0 0 0 0 0 1 0 928847 931046 NA 72.66833333 0.66456992 II 1 0 0 34.2479727401793
SPBC646.14c 2 455 1 0 0.586590995 0.6 608.22 28.60878634 0.0016007 NA 0 0 0 0 0 1 0 952334 954505 NA 16.88166667 0.397656643 II 1 0 0 39.645114458508
SPBC660.15 4 474 1 0 0.138155942 4.5 4886.88 21.19231647 0.0015367 617.3 0 0 0 0 0 1 0 224297 228689 NA 65.41166667 0.709976454 II 1 0 0 75.2205807574294
SPBC6B1.07 0 906 1 0 0.64976453 2.1 560.43 29.26295109 0.0025753 562.2 0 0 0 0 0 1 0 2641904 2644897 NA 37.695 0.679974269 II 1 0 0 8.62817521080956
SPBC6B1.10 5 558 1 0 0.644793159 1.9 6957.82 30.04349867 0.0018281 633.5 0 0 0 0 0 1 0 2651044 2659395 1.076172787 46.79833333 0.465788387 II 1 0 0 35.9561536465553
SPBC725.08 3 609 1 0 0.751065903 4.8 11911.43 39.02584994 0.0021539 573.4 0 0 0 0 0 1 0 1219360 1221590 NA 103.3116667 0.450667991 II 1 0 0 18.3334220469936
SPBC725.11c 0 334 1 0 0.754504757 2.4 NA 21.27849835 0.0030504 304.9 0 0 0 0 0 1 0 1224943 1227026 0.969639555 19.50333333 0.329545401 II 1 0 0 79.0229477950669
SPBC725.16 1 637 1 0 0.759213702 2.5 505.43 25.00947247 0.0022882 NA 0 0 1 0 0 1 0 1232588 1235587 NA 40.70333333 0.317883247 II 1 0 0 31.9321574406053
SPBC776.12c 2 507 1 0 0.459682447 1.1 NA 20.98532763 0.0020116 581.7 0 0 0 0 0 1 0 3197060 3199233 NA 22.53166667 0.409881843 II 1 0 0 46.0450468040524
SPBC800.13 0 479 1 0 0.172048024 0.7 NA 22.60927281 0.004562 NA 0 0 0 0 0 1 0 279321 281247 NA 10.56483333 0.560016717 II 1 0 0 40.217057469378
SPBC83.15 4 387 1 0 0.946595208 4.1 9437.52 38.86038917 0.0022575 1468.5 0 0 0 0 0 1 0 1536803 1538567 NA 115.375 0.414496454 II 1 0 0 23.7836994019214
SPBC887.14c 1 805 1 0 0.332355953 1.9 693.35 27.69702782 0.0032602 432.9 0 1 0 0 0 1 0 3567593 3570555 NA 36.795 0.522812015 II 1 0 0 37.0533970536437
SPBC9B6.05c 4 93 1 0 0.931677764 4.7 9105.28 63.41280409 0 443.4 0 0 0 0 0 1 0 1821460 1822754 NA 178.35 0.324107174 II 1 0 0 61.5065632884853
SPBP16F5.02 2 322 1 0 0.907107573 1.7 NA 29.8421666 0.0031638 NA 0 0 0 0 0 1 0 1892961 1894408 NA 31.84833333 0.467699683 II 1 0 0 34.9372571165602
SPBP19A11.06 0 1513 1 0 0.573121471 2 472.15 19.76179591 0.0022236 NA 0 0 0 0 0 1 0 2863784 2868411 NA 24.88833333 0.489165279 II 1 0 0 22.5599375933889
SPBP22H7.07 0 473 1 0 0.890678568 3.7 5267.23 26.16340098 0.0012319 473.8 0 0 0 0 0 1 0 1446022 1447735 NA 84.245 0.662197861 II 1 0 0 34.5391290345199
SPBP22H7.09c 2 409 1 0 0.892398919 1.3 NA 32.69671977 0.0024924 NA 0 0 1 0 0 1 0 1448815 1450155 NA 22.53666667 0.403699694 II 1 0 0 15.2505087944977
SPBP23A10.13 0 972 1 0 0.86106701 1.9 NA 24.56397372 0.0022505 NA 0 0 1 0 0 1 0 2025363 2028676 NA 30.01166667 0.284651626 II 1 0 0 18.1884224570657
SPBP8B7.05c 0 328 1 0 0.307486752 28 49162.56 29.35870112 0 1569 0 0 0 0 0 1 0 3640904 3643081 0.942623585 462.3833333 0.293727175 II 1 0 0 155.178404623612
SPBP8B7.15c 1 482 1 0 0.300794363 3.3 957.15 29.59800762 0.002418 180 0 0 0 0 0 1 0 3659809 3662598 NA 46.26666667 0.388343414 II 1 0 0 91.8189376690112
SPBP8B7.19 0 1019 1 0 0.296671328 4.8 12870.01 36.92113779 0.0014312 814.4 0 0 1 0 0 1 0 3671316 3674622 NA 70.88833333 0.685356838 II 1 0 0 15.297595495851
SPBP8B7.20c 0 608 1 0 0.295967696 11 9776.77 26.53842599 0.0023971 1015.7 0 0 0 0 0 1 0 3671160 3676674 NA 194.3 0.65907541 II 1 0 0 29.665903598798
SPCC1235.07 3 244 1 0 0.172634005 0.41 NA 43.98917455 0.0017876 NA 0 1 0 0 0 1 0 190580 192114 NA 11.85666667 0.582227113 III 1 0 0 54.6947614910635
SPCC126.14 1 343 1 0 0.229317481 1.5 236.25 29.72609713 0.003395 391 0 0 0 0 0 1 0 2140983 2143550 NA 19.54666667 0.466354302 III 1 0 0 45.2676809249366
SPCC1281.02c 0 311 1 0 0.792736312 1.5 NA 20.31175168 0.0023395 730.3 0 0 0 0 0 1 0 1382055 1383538 NA 27.68333333 0.324735736 III 1 0 0 36.9909755626504
SPCC1281.05 0 390 1 0 0.78639795 4.1 800.2 21.73157832 0.0014935 3096 0 0 0 0 0 1 0 1388677 1392088 NA 61.36 0.31114685 III 1 0 0 36.278416945509
SPCC1322.11 1 139 1 0 0.845484825 70 NA 104.8963305 0.0010428 NA 0 1 0 0 0 1 0 1311578 1312384 NA 2278.833333 0.692439575 III 1 0 0 16.0054253910557
SPCC1393.06c 3 413 1 0 0.728728733 2.3 2237 23.09341962 0.0038788 957.5 0 0 1 0 0 1 0 804483 806120 NA 55.18333333 0.521491501 III 1 0 0 42.0557697699045
SPCC1672.02c 0 254 1 0 0.508695109 18 51308.45 36.26779619 0.002296 374.2 0 0 1 0 0 1 0 561576 563819 NA 95.48666667 0.736252061 III 1 0 0 53.7223101806734
SPCC16C4.08c 3 341 1 0 0.611772773 2.4 6676.87 29.33241586 0.0017074 788.6 0 0 0 0 0 1 0 675369 677211 NA 65.16333333 0.608821204 III 1 0 0 30.9535200488715
SPCC1795.08c 2 994 1 0 0.888579597 3.2 NA 26.76834843 0.0028131 491.5 0 0 0 0 0 1 0 980951 984908 NA 47.81 0.549161941 III 1 0 0 19.8521057607478
SPCC18.05c 3 502 1 0 0.36182186 3.5 4875.9 31.60220259 0.0011609 1747.6 0 0 0 0 0 1 0 1962945 1964811 NA 84.13166667 0.674947951 III 1 0 0 13.2599848546413
SPCC1827.01c 0 652 1 0 0.056761327 1.6 2400.91 27.9819863 0.0022356 681.8 0 0 0 0 0 1 0 2374000 2376316 NA 33.76333333 0.5527303 III 1 0 0 18.5820432895726
SPCC188.11 2 557 1 0 0.702942112 2.4 NA 22.13527855 0.0049708 639.6 0 0 0 0 0 1 0 1502489 1504664 NA 42.43 0.561183038 III 1 0 0 34.1310547660138
SPCC1919.14c 4 520 1 0 0.158290763 0.86 1220.39 32.84780116 0.0028737 NA 0 0 0 0 0 1 0 2237405 2239360 NA 12.12566667 0.473381818 III 1 0 0 30.8161717907544
SPCC338.17c 1 628 1 0 0.820387137 2.6 173.28 23.54117754 0.0011605 100.4 0 1 0 0 0 1 0 1342923 1346239 NA 42.72 0.488850427 III 1 0 0 12.655480688692
SPCC4B3.14 0 290 1 0 0.964550395 1.3 2063.1 18.91047826 0.0065217 488.1 0 0 0 0 0 1 0 1150769 1151773 1.051505705 28.08 0.228069532 III 1 0 0 11.7811078935656
SPCC4G3.07c 0 461 1 0 0.416545436 2.2 NA 26.67903138 0.0018959 NA 0 0 1 0 0 1 0 459847 461914 NA 39.28833333 0.52975419 III 1 0 0 44.2413021719642
SPCC4G3.18 0 828 1 0 0.394766449 2.9 7127.11 23.94449952 0.003522 733.6 0 0 1 0 0 1 0 435804 438607 NA 44.65833333 0.526413032 III 1 0 0 16.5063084431474
SPCC550.02c 2 354 1 0 0.938014529 1.7 1375.23 17.08336029 0.0032898 NA 0 0 0 0 0 1 0 1186393 1187568 NA 39.00333333 0.642315369 III 1 0 0 19.2208010276517
SPCC550.13 0 545 1 0 0.916612364 4.8 NA 19.56390404 0.0024064 170 0 0 1 0 0 1 0 1214010 1216438 NA 78.785 0.394071935 III 1 0 0 30.5760293004718
SPCC5E4.06 1 1140 1 0 0.5911913 1.9 100 22.2775443 0.0029427 300.6 0 0 0 0 0 1 0 652648 656420 NA 30.13 0.627498571 III 1 0 0 17.9726970648171
SPCC622.09 0 126 1 0 0.770393401 56 101924.45 22.99882366 0.0034485 429.4 0 0 0 0 0 1 0 1412387 1413677 NA 1550.666667 0.437394118 III 1 0 0 59.1958984399249
SPCC63.11 0 662 1 0 0.776281439 1.7 998.42 24.64872796 0.0022019 932.9 0 0 0 0 0 1 0 856979 859292 NA 35.30166667 0.67129024 III 1 0 0 17.2106740403173
SPCC645.04 0 328 1 0 0.904057219 2.6 NA 31.21535422 0.0026623 NA 0 0 0 0 0 1 0 1232122 1233374 NA 45.08833333 0.382755687 III 1 0 0 34.3612085410533
SPCC645.05c 0 1526 1 0 0.900433603 2.6 1117.96 24.56701739 0.0013428 634.3 0 0 0 0 0 1 0 1233231 1238262 NA 30.095 0.375761187 III 1 0 0 17.9679348239415
SPCC663.05c 0 262 1 0 0.59919462 3.7 1000.98 26.95687293 0.0044519 660.3 0 0 0 0 0 1 0 1642902 1644612 NA 58.66333333 0.34680522 III 1 0 0 103.169980501434
SPCC736.12c 4 488 1 0 0.305346056 2.9 9495.58 38.66407108 0.0026868 575.5 0 0 1 0 0 1 0 337088 340150 NA 30.795 0.586457175 III 1 0 0 50.6028532441995
SPCC737.08 0 4717 1 0 0.398871994 4.5 1387.92 49.9692675 0.0022591 655.5 0 0 1 0 0 1 0 1900472 1914833 NA 22.195 0.529014431 III 1 0 0 10.1176198140264
SPCC830.03 1 736 1 0 0.196818365 2.3 2972.45 21.29625344 0.0043578 720.9 0 0 0 0 0 1 0 2183590 2187389 NA 24.82 0.262966913 III 1 0 0 34.5569770055043
SPCC830.05c 1 557 1 0 0.193364514 3.1 NA 20.14205004 0.0031395 NA 0 0 0 0 0 1 0 2188083 2192048 NA 48.70166667 0.296353465 III 1 0 0 43.6950938137437
SPCC962.02c 1 997 1 0 0.494409187 2.6 NA 29.48986762 0.0032181 446.9 0 0 1 0 0 1 0 545805 549313 NA 35.77833333 0.599078381 III 1 0 0 22.3923153607979
SPCP1E11.08 2 260 1 0 0.033559216 4.6 7802.49 47.14187759 0.001678 473.8 0 0 0 0 0 1 0 2406230 2407614 NA 104.8166667 0.634486672 III 1 0 0 48.1838419985607
SPCP25A2.03 2 752 1 0 0.939669175 2 1742.34 24.67737838 0.0034897 1349.5 0 0 0 0 0 1 0 1182719 1185336 NA 32.86333333 0.398023046 III 1 0 0 30.4243695410957
