SPAC1006.03c 3 712 1 0 0.279422365 2.1 1717.83 21.02721211 0.00582 852.1 0 0 1 0 0 1 0 5070931 5074055 0.867005284 39.27833333 0.274994463 I 0 0 0 42.3657207931087
SPAC1039.05c 5 781 1 0 0.066024224 2 NA 24.21671472 0.0028002 NA 0 0 1 0 0 1 0 5456674 5459789 1.159429786 29.59 0.322551816 I 0 0 0 92.5756681075084
SPAC10F6.16 2 139 1 0 0.328484227 2.7 9229.33 36.4429073 0 551.2 0 0 1 0 0 0 0 1238896 1240185 1.060606546 57.45 0.295523483 I 0 0 0 83.4391362440692
SPAC1142.08 0 743 1 0 0.965082298 3.1 NA 30.82998501 0.0035319 NA 0 0 1 0 0 1 0 3639860 3642338 1.11801513 49.90333333 0.474888961 I 0 0 0 42.985123395442
SPAC11D3.07c 0 637 1 0 0.030770871 1.3 242.8 13.22508094 0.0027458 NA 0 0 1 0 0 0 0 116054 120309 1.171636934 17.03 0 I 0 0 0 117.348048379347
SPAC12B10.10 0 419 1 0 0.546371141 0.93 NA 13.11760341 0.0013903 448.3 0 0 1 0 0 0 0 4590152 4591524 1.093257188 13.09233333 0.215713376 I 0 0 0 39.9815059977954
SPAC1327.01c 0 977 1 0 0.584592717 4 1668.27 24.49357489 0.0023883 NA 0 0 1 0 0 1 0 2204823 2208418 1.106007184 42.93 0.415031922 I 0 0 0 80.8171611618724
SPAC139.03 2 625 1 0 0.270894968 1 NA 29.66978961 0.0027984 NA 0 0 1 0 0 1 0 1021695 1024135 1.025380861 18.205 0.064034417 I 0 0 0 56.0009573570908
SPAC1399.05c 1 529 1 0 0.487468826 1.6 NA 23.00224749 0.0035808 NA 0 0 1 0 0 1 0 1838515 1840293 1.058646126 24.02666667 0.619110857 I 0 0 0 126.453206985742
SPAC144.02 0 249 1 0 0.511593684 1.6 2200.49 29.58495731 0.0017518 742.8 0 0 1 0 0 0 0 4652937 4654387 0.907309636 31.93333333 0.466734351 I 0 0 0 81.5989898899616
SPAC144.06 4 825 1 0 0.5038369 2.1 1378.4 31.60532739 0.002098 649.3 0 0 1 0 0 1 0 4664299 4668408 1.09049379 31.51 0.512673863 I 0 0 0 24.3557011562068
SPAC144.14 1 511 1 0 0.495629237 1 NA 26.70678272 0.0028531 692.9 0 0 1 0 0 0 0 4681264 4683244 1.064380823 23.245 0.052028871 I 0 0 0 40.7508148996148
SPAC1486.04c 0 1727 1 0 0.846188865 2.7 2128.7 39.01426357 0.0031258 740.9 0 0 1 0 0 1 0 3191447 3196943 0.835428621 32.95 0.375240584 I 0 0 0 54.8266618361976
SPAC14C4.06c 2 307 1 0 0.187412556 2.4 2744.67 21.82281934 0.0042658 504.9 0 0 1 1 0 1 0 5238326 5240370 0.929309891 49.16833333 0.308759086 I 0 0 0 125.268868506866
SPAC15A10.03c 0 852 1 0 0.975820577 1.3 NA 20.66705259 0.0017114 NA 0 0 1 0 0 1 0 3680360 3683268 1.119056585 16.87333333 0.670653666 I 0 0 0 19.2406230981511
SPAC15A10.15 4 647 1 0 0.984762249 2.2 NA 25.4402066 0.0036046 761.2 0 0 1 0 0 0 0 3714084 3716585 1.043872719 47.74333333 0.162480127 I 0 0 0 58.0772405152065
SPAC1610.02c 0 253 1 0 0.474976628 1.1 5144.17 35.28730019 0.002299 868.6 0 0 1 0 0 0 0 1791400 1792494 0.764400931 25.22 0.156607509 I 0 0 0 35.3873377824162
SPAC1687.05 1 727 1 0 0.240944714 3.3 424.49 25.11321793 0.0018048 368.3 0 0 1 0 0 1 0 908736 911854 1.087799218 60.62166667 0.48195832 I 0 0 0 80.4081474218656
SPAC1687.09 0 1379 1 0 0.242589659 2.9 1039.81 28.34739007 0.0044441 438.4 0 0 1 0 0 0 0 914940 919775 1.109375934 31.92166667 0.140997932 I 0 0 0 53.4176107964513
SPAC1687.14c 0 76 1 0 0.24599966 0.51 NA 22.6232387 0 NA 0 0 1 0 0 0 0 927801 929011 1.060127985 18.06 0.243772089 I 0 0 0 109.325249775776
SPAC1751.01c 0 720 1 0 0.100182577 1.5 NA 32.63536637 0.0014173 NA 0 0 1 0 0 0 0 377844 384751 1.061180676 5.892 0.143834854 I 0 0 0 171.707306458952
SPAC17D4.04 4 688 1 0 0.46857869 3 4272.16 43.2107227 0.0035661 1019.1 0 0 1 0 0 0 0 4729678 4732140 1.063616606 69.645 0.527767245 I 0 0 0 58.5598420265928
SPAC1805.14 0 452 1 0 0.74132758 1.8 NA 21.60671391 0.0041894 204.9 0 0 1 0 0 0 0 2795957 2797948 0.831135337 36.67 0.214930535 I 0 0 0 36.2030348673439
SPAC18G6.02c 0 960 1 0 0.586180126 0.91 NA 16.60790314 0.0048882 NA 0 0 1 0 0 1 0 2210810 2214664 0.718671572 11.64916667 0.199188901 I 0 0 0 55.0048967411292
SPAC18G6.13 0 114 1 0 0.594188231 0.81 302.97 52.73363079 0.0012694 NA 0 0 1 1 0 0 0 2241013 2241357 0.785718451 14.03333333 0 I 0 0 0 74.8775553077213
SPAC19A8.10 0 254 1 0 0.653674586 0.98 NA 28.11005156 0.0017175 NA 0 0 1 0 0 0 0 2465369 2467346 1.059242311 24.32833333 0.357255414 I 0 0 0 42.9892941083574
SPAC1D4.11c 0 690 1 0 0.17395376 5.5 NA 22.53445763 0.0023239 NA 0 0 1 0 0 1 0 656076 660381 0.826693049 26.54 0.425365405 I 0 0 0 104.986818432505
SPAC20G8.08c 4 944 1 0 0.374281795 1.2 NA 27.74227133 0.0023172 449.6 0 0 1 0 0 1 0 1411624 1415165 1.144503449 21.26833333 0.450078534 I 0 0 0 49.533447707624
SPAC21E11.03c 0 171 1 0 0.733307369 2.5 2609.25 18.53259033 0.0042438 279.4 0 0 1 0 0 1 0 4252142 4253622 0.987314419 41.275 0.168842762 I 0 0 0 45.0605139554399
SPAC22A12.01c 0 560 1 0 0.306634082 1.4 NA 22.87622675 0.0039034 486.7 0 0 1 0 0 1 0 1156487 1159594 0.935876712 26.43 0.332252353 I 0 0 0 91.4286751585592
SPAC22E12.19 0 661 1 0 0.287721864 2.4 NA 21.22161185 0.0026516 502.7 0 0 1 0 0 1 0 5056600 5059053 1.043158359 29.995 0.328048458 I 0 0 0 55.265677282441
SPAC22F3.02 0 209 1 0 0.186936737 0.027 NA NA 0.0027807 NA 0 0 1 0 0 1 0 705042 708014 1.071749209 1.2644 0.347507658 I 0 0 0 68.064780766605
SPAC22F3.09c 1 657 1 0 0.182031863 0.85 391.62 16.20106726 0.0015538 NA 0 0 1 0 0 0 0 686543 689179 0.891612248 13.22666667 0.443767918 I 0 0 0 42.4504911585299
SPAC23D3.01 0 407 1 0 0.686366682 1.3 NA 24.42986393 0.0042937 NA 0 0 1 0 0 1 0 4337097 4338471 1.088428013 30.98833333 0.241775561 I 0 0 0 57.1451888007564
SPAC23E2.01 0 564 1 0 0.117246366 3.1 2813.76 22.52261996 0.0015503 448.2 0 0 1 0 0 1 0 442201 445721 1.025786007 24.41166667 0.221890833 I 0 0 0 60.5283276894637
SPAC23E2.03c 0 569 1 0 0.119542236 2.7 NA 27.08705854 0.0033295 NA 0 0 1 0 0 0 0 450860 453603 1.050452796 10.4635 0.209209035 I 0 1 0 81.1980778106917
SPAC23H4.02 1 532 1 0 0.425573384 4.2 1351.77 32.37995723 0.0019173 532.7 0 0 1 0 0 0 0 1605073 1607249 1.087723579 42.99 0.450403576 I 0 0 0 110.256942229359
SPAC25B8.19c 0 522 1 0 0.765612457 2.9 NA 25.56872953 0.0019589 NA 0 0 1 0 0 0 0 4192070 4195228 0.905253164 19.235 0.16956925 I 0 0 0 36.4580689324751
SPAC27D7.14c 0 1039 1 0 0.574710704 5.7 3691.44 33.80274743 0.0016844 1369 0 0 1 0 0 0 0 4536975 4540298 0.44121023 77.85166667 0.568151126 I 0 0 0 23.962394542295
SPAC29B12.03 0 124 1 0 0.091787966 5.4 14068.69 40.81434315 0.0011679 35.7 0 0 1 0 0 0 0 5411817 5413219 1.02409291 143.6666667 0.220563744 I 0 0 0 155.739177535527
SPAC29B12.06c 0 283 1 0 0.088604703 2.1 3583.91 23.39613656 0.0010281 NA 0 0 1 0 0 0 0 5417366 5418973 1.132955832 37.95833333 0.462567003 I 0 0 0 57.5667772071955
SPAC29B12.08 1 689 1 0 0.081661714 10 2416.29 28.91708717 NA NA 0 0 1 0 0 0 0 5427297 5431523 0.972629434 85.62333333 0.11751681 I 0 0 0 185.632832068335
SPAC2F7.07c 0 607 1 0 0.1442713 5.1 NA 19.05335436 0.0019209 1856.9 0 0 1 0 0 1 0 544127 546240 1.080443725 81.37333333 0.302582382 I 0 0 0 34.1137395722559
SPAC2G11.05c 0 701 1 0 0.216194174 0.26 1306.13 23.95100262 0.0060307 967.7 0 0 1 0 0 0 0 815388 817984 1.081133807 5.066666667 0.178466637 I 0 0 0 65.0709598132897
SPAC2G11.10c 2 401 1 0 0.219090858 1.4 2296.7 37.21155095 0.0014672 711.8 0 0 1 0 0 0 0 826313 828123 1.348221159 25.75666667 0.459177156 I 0 0 0 55.2743963291054
SPAC30D11.07 0 355 1 0 0.293361834 1 NA 22.91229851 0.0024604 NA 0 0 1 0 0 1 0 1106430 1107885 1.027379171 18.42833333 0.499178383 I 0 0 0 93.8862204042985
SPAC30D11.10 0 469 1 0 0.291521479 2.5 448.1 13.43204109 0.0031061 379.9 0 0 1 0 0 1 0 1099489 1101583 0.558585019 27.02 0.336577408 I 0 0 0 119.196490191528
SPAC31A2.11c 0 411 1 0 0.10810239 2.1 989.7 22.82642775 0.0017717 286.6 0 0 1 0 0 0 0 407714 409872 0.247125015 29.95333333 0.199085202 I 0 0 0 77.7734681693214
SPAC328.05 5 464 1 0 0.923901129 2.7 625.21 34.59014982 0.0031127 NA 0 0 1 0 0 0 0 3484543 3486956 1.04825097 46.52 0.392698795 I 0 0 0 65.0991173165203
SPAC343.18 1 205 1 0 0.445494085 1.8 NA 22.76822623 0.0014173 NA 0 0 1 0 0 1 0 1680205 1681471 1.110584707 36.36833333 0.143761528 I 0 0 0 73.9098205262185
SPAC3A11.14c 3 832 1 0 0.911785434 1.2 NA 26.21871996 0.0033298 NA 0 0 1 0 0 1 0 3438848 3442117 1.013371471 17.82666667 0.230503931 I 0 0 0 42.7912634499401
SPAC3F10.10c 1 365 1 0 0.751210509 0.5 NA 23.16279269 0.0031909 NA 0 0 1 0 0 0 0 2833231 2836168 1.002804558 10.48266667 0.341611619 I 0 0 0 66.6774690516766
SPAC3H5.08c 2 933 1 0 0.908345207 2.9 477.09 16.967484 0.0029015 2765.1 0 0 1 0 0 1 0 3425873 3429364 0.996669058 43.46833333 0.362764517 I 0 0 0 63.1886585903325
SPAC3H8.08c 0 563 1 0 0.159575602 1 1021.27 16.43093911 0.0018119 NA 0 0 1 0 0 0 0 601848 603993 1.019824526 18.65 0 I 0 0 0 65.7054036993721
SPAC4A8.09c 1 293 1 0 0.679422063 2.8 1270.87 26.67674387 0.0019862 1126.5 0 0 1 0 0 1 0 2562477 2564277 0.979812095 60.31166667 0.148504218 I 0 0 0 81.8778375814234
SPAC4D7.10c 4 473 1 0 0.114661102 2.2 717.11 23.72144643 0.0015399 372.7 0 0 1 0 0 0 0 5369400 5371874 0.68200292 38.99666667 0.409454304 I 0 0 0 72.1925520618383
SPAC4H3.05 3 887 1 0 0.964490625 0.62 100 24.51471681 0.0027948 NA 0 0 1 0 0 1 0 3832332 3835740 0.991736049 10.42533333 0.447788328 I 0 0 0 38.8362796944748
SPAC56F8.16 0 413 1 0 0.305861191 9.6 NA 25.55755158 0.0049367 36.8 0 0 1 0 0 1 0 1153572 1156804 1.084197679 28.44666667 0.157947715 I 0 0 0 90.5571423610238
SPAC57A10.02 0 775 1 0 0.361853231 4.4 5045.66 26.40180763 0.0016931 519.6 0 0 1 0 0 0 0 1364749 1367968 0.919367835 56.9 0.443638468 I 0 0 0 49.1383956706921
SPAC644.14c 0 365 1 0 0.715384163 2 2066.29 18.89158382 0.0031909 699.3 0 0 1 1 0 1 0 2698110 2700283 0.633025927 34.15 0.389622803 I 0 0 0 56.4423154372255
SPAC6B12.14c 0 154 1 0 0.645762463 2.2 NA 26.78697768 0.0018837 NA 0 0 1 0 0 0 0 NA NA NA NA 0.101509854 I 0 0 0 77.5463266219614
SPAC6B12.16 1 344 1 0 0.647634635 0.044 NA NA 0.002962 NA 0 0 1 0 0 1 0 2442589 2443829 1.117103229 0.12272 0.386047259 I 0 0 0 106.682415373461
SPAC6G10.10c 0 194 1 0 0.858049229 1.8 NA 26.24319912 0.0029946 341.4 0 0 1 0 0 1 0 3236179 3237503 1.048314731 29.62166667 0.225340639 I 0 0 0 111.292064516335
SPAC7D4.04 0 926 1 0 0.697444077 1.7 220.39 22.04881806 0.0035024 726.8 0 0 1 0 0 0 0 2630448 2633728 1.043760572 37.17166667 0.453635778 I 0 0 0 45.9283998953944
SPAC890.05 0 284 1 0 0.314413367 3.3 162.29 26.48392041 0 509.5 0 0 1 0 0 0 0 5009365 5010806 0.938506113 63.74 0.349864943 I 0 0 0 41.0541381173142
SPAC8C9.14 4 539 1 0 0.971989795 3.5 3674.92 37.83992415 0.0016221 409.7 0 0 1 0 0 1 0 3665912 3669087 1.110925103 93.67833333 0.400060305 I 0 0 0 25.756841679372
SPAC8F11.03 1 1004 1 0 0.75714944 0.86 NA 22.46505463 0.0023241 NA 0 0 1 0 0 1 0 2855630 2859170 1.032638588 14.28833333 0.428524168 I 0 0 0 55.3229042851809
SPAC9E9.08 3 614 1 0 0.622802102 1.2 NA 29.75881155 0.003798 NA 0 0 1 0 0 1 0 4450589 4453369 0.941615753 18.90333333 0.206688387 I 0 0 0 55.7341026562326
SPAC9E9.10c 0 514 1 0 0.618603115 1.5 2350.7 22.25524677 0.0025512 401.4 0 0 1 0 0 0 0 4458920 4460959 1.014721321 28.08166667 0.040409901 I 0 0 0 161.982358464406
SPAP8A3.13c 0 547 1 0 0.130306338 1.9 NA 20.05390483 0.001867 NA 0 0 1 0 0 1 0 5340960 5343594 0.993818205 33.30166667 0.0253739 I 0 0 0 65.7665055276309
SPAPB2B4.03 0 411 1 0 0.718465386 3.2 NA 24.97867998 0.0003552 NA 0 0 1 0 0 1 0 2709731 2714162 1.116707486 44.53166667 0.332488529 I 0 0 0 66.0584930625429
SPBC1105.04c 0 522 1 0 0.352282243 3.3 4212.08 21.92301136 0.0030704 469.8 0 0 1 0 0 1 0 3510427 3512444 0.318015718 61.485 0.020084778 II 0 0 0 94.4086123816072
SPBC119.14 5 371 1 0 0.459520938 0.055 NA NA 0.0043206 NA 0 0 1 0 0 0 0 746035 747734 1.030353196 1.502333333 0.460616438 II 0 0 0 110.802264747639
SPBC11B10.08 0 204 1 0 0.922968563 2.1 NA 52.10657569 0.0021364 NA 0 0 1 0 0 0 0 1498445 1499998 1.015268904 46.71166667 0.115093308 II 0 0 0 84.5022603738199
SPBC146.06c 0 703 1 0 0.622324771 0.74 NA 17.29752604 0.0024931 NA 0 0 1 0 0 1 0 1010348 1013231 1.095501499 11.27516667 0.370607103 II 0 0 0 78.7493012977573
SPBC15C4.01c 4 282 1 0 0.789311655 1.9 4347.94 54.95383483 0.0005158 631.2 0 0 1 0 0 0 0 2236433 2237936 1.046060172 60.13833333 0.338345546 II 0 0 0 53.6751092527506
SPBC15D4.10c 1 475 1 0 0.517635715 1.6 NA 31.87951383 0.0018402 NA 0 0 1 0 0 0 0 3028685 3030224 0.514735373 38.59333333 0.237021872 II 0 0 0 16.774517260496
SPBC1685.04 0 325 1 0 0.309443883 1 NA 18.43937393 0.0058215 NA 0 0 1 0 0 0 0 502384 504193 1.041792366 13.95333333 0.5274 II 0 0 0 90.3908609653983
SPBC16C6.10 1 380 1 0 0.064657316 0.5 NA 26.85730904 0.0057778 NA 0 0 1 0 0 0 0 4349487 4351244 1.067597337 15.62666667 0.231693515 II 0 0 0 94.2890717078885
SPBC16E9.01c 0 295 1 0 0.89936968 4.5 1054.32 27.50847566 0.0034524 82.3 0 0 1 0 0 1 0 1915375 1916974 NA 62.48333333 0.308796429 II 0 0 0 81.4000923521048
SPBC16E9.12c 3 166 1 0 0.891189789 7.8 5829.92 33.95800549 0.0017483 1015.1 0 0 1 0 0 1 0 1939371 1940829 0.974441286 195.8666667 0.368700342 II 0 0 0 89.2667222504233
SPBC16G5.03 0 268 1 0 0.109765532 0.64 NA 22.44543681 0.0032562 NA 0 1 1 0 0 1 0 4218442 4219695 1.094830912 14.22666667 0.188336207 II 0 0 0 199.994427279744
SPBC16G5.17 0 560 1 0 0.099465487 1.1 NA 22.71074694 0.0020818 NA 0 0 1 0 0 1 0 4247630 4249733 1.110334854 25.41666667 0.035755448 II 0 0 0 130.96454540514
SPBC1711.02 0 181 1 0 0.825159157 1.2 NA NA 0 NA 0 0 1 0 0 1 0 NA NA NA NA 0.555343434 II 0 0 0 0
SPBC1711.14 1 180 1 0 0.815281566 0.037 NA NA 0.0024196 NA 0 0 1 0 0 0 0 2161542 2162200 1.134658569 0.41615 0.563465863 II 0 0 0 91.4665129328006
SPBC1773.16c 1 595 1 0 0.195683909 0.54 NA 13.57713977 0.0029393 NA 0 0 1 0 0 1 0 317694 320922 1.094929929 7.0135 0 II 0 0 0 104.336389102719
SPBC1778.10c 4 551 1 0 0.488007056 2.1 3594 29.92884278 0.0010611 270.9 0 0 1 0 0 0 0 3114231 3116630 0.945774208 49.65333333 0.43300983 II 0 0 0 72.2061425272114
SPBC17D1.07c 7 949 1 0 0.409596344 0.21 NA 22.86044331 0.0018274 NA 0 0 1 0 0 1 0 3340660 3345299 1.097882741 4.718833333 0.04049075 II 0 0 0 70.5204561842116
SPBC1861.02 0 527 1 0 0.139275547 1.3 NA 21.05275996 0.0027649 354.3 0 0 1 0 0 1 0 4130876 4133635 1.085218363 46.00666667 0.345587985 II 0 0 0 109.976409358216
SPBC18H10.15 1 398 1 0 0.940618894 1.6 669.74 35.38401428 0.002927 2074.8 0 0 1 0 0 1 0 1794843 1796679 1.01381107 31.12333333 0.450262656 II 0 0 0 55.6639420071349
SPBC1D7.03 0 461 1 0 0.957355181 38 2921.44 33.89941491 0.0031599 NA 0 0 1 0 0 0 0 1745777 1747871 0.711843495 130.6833333 0.519730135 II 0 0 0 71.9289164948873
SPBC1D7.04 0 199 1 0 0.958408914 30 27161.11 61.66794746 0 982.3 0 0 1 0 0 1 0 1743968 1744798 0.449616544 921.2833333 0.598945083 II 0 0 0 56.9916410735664
SPBC20F10.10 0 243 1 0 0.423745104 1 2056.68 14.91867375 0.0011966 NA 0 0 1 0 0 0 0 3303292 3304037 1.06798246 10.26366667 0.609017442 II 0 0 0 40.3997533664314
SPBC215.06c 1 180 1 0 0.171746509 3.1 4362 41.10389712 0.0032622 1751.7 0 0 1 0 0 0 0 4037989 4038940 1.044557958 73.45166667 0.409645631 II 0 0 0 162.811491057755
SPBC216.06c 1 971 1 0 0.558895378 1.5 389.16 28.62975855 0.0019525 562.7 0 0 1 0 0 1 0 907370 914892 1.022955116 23.96 0.537058485 II 0 0 0 28.7583857991821
SPBC23E6.02 0 1040 1 0 0.238555525 1.1 NA 21.62233086 0.0030852 NA 0 0 1 0 0 1 0 3839329 3844105 1.008172857 19.85666667 0.363989511 II 0 0 0 105.000214280427
SPBC23G7.13c 0 664 1 0 0.827887274 0.31 NA 24.06834292 0.0013172 NA 0 0 1 0 0 0 0 2123087 2125438 1.051840369 1.863176667 0.545596242 II 0 0 0 65.8998892376628
SPBC25B2.08 0 125 1 0 0.660730488 2.2 3812.59 27.67838885 0 NA 0 0 1 1 0 1 0 2611366 2612917 1.039558163 27.70166667 0.027119306 II 0 0 0 86.6917572123464
SPBC28F2.10c 0 551 1 0 0.977262788 3.8 332.33 26.65348428 0.0031736 633.5 0 0 1 0 0 1 0 1586592 1588443 0.930048091 79.30666667 0.444357047 II 0 0 0 44.7516706432149
SPBC29A10.05 0 571 1 0 0.683000503 2.9 NA 26.83830152 0.002297 NA 0 0 1 0 0 1 0 2545502 2547971 1.015638237 44.64666667 0.550496337 II 0 0 0 60.1369839440049
SPBC29A10.14 4 561 1 0 0.675106248 0.14 NA 11.28640116 0.0033769 NA 0 0 1 0 0 1 0 2568893 2570993 1.050792636 1.588833333 0.576871941 II 0 0 0 75.3096782768341
SPBC29A3.05 3 139 1 0 0.854515211 0.62 1638.08 34.28283178 0.0010428 1186.2 0 0 1 0 0 0 0 2046905 2047783 0.854290237 21.87666667 0.39659153 II 0 0 0 67.349336934206
SPBC29A3.13 0 359 1 0 0.849498577 0.68 NA 32.1546163 0.0024331 NA 0 0 1 0 0 1 0 2059635 2062413 1.058800501 15.76 0.396466526 II 0 0 0 87.5345296171138
SPBC29B5.01 1 566 1 0 0.952379603 5 3577.25 24.68636717 0.0018023 NA 0 0 1 0 0 1 0 1546194 1549862 NA 67.73666667 0.335374572 II 0 0 0 46.3520434703358
SPBC2D10.10c 0 305 1 0 0.533576816 23 73566.7 57.13150438 0.0005046 NA 0 0 1 0 1 0 0 2982427 2983735 NA 688.4666667 0.728136851 II 0 0 0 28.7798090253608
SPBC2D10.17 0 1238 1 0 0.527610004 0.91 NA 22.44736855 0.0017674 NA 0 0 1 0 0 1 0 2997081 3001136 1.116579977 11.96133333 0.127062371 II 0 0 0 46.4407914376199
SPBC2F12.09c 0 355 1 0 0.965386253 0.031 NA NA 0.0024604 NA 0 0 1 0 0 0 0 1722231 1724450 1.058569818 0.118243333 0.112002499 II 0 0 0 45.5758092835848
SPBC2G2.14 0 533 1 0 0.368940005 2.5 598.22 19.70371549 0.0049209 275.2 0 0 1 1 0 0 0 3461272 3463865 0.909603278 40.6 0.217531083 II 0 0 0 83.4037534183682
SPBC2G5.02c 0 254 1 0 0.671966994 2.6 3868.69 23.64817972 0 620.3 0 0 1 0 0 1 0 2577791 2580148 1.020814884 39.05333333 0.267944 II 0 0 0 57.5156794109882
SPBC30B4.04c 0 865 1 0 0.806324091 4 1351.43 32.33875991 0.0011814 NA 0 0 1 0 0 1 0 1309072 1311834 1.084973374 52.375 0.351809642 II 0 0 0 50.2537338486267
SPBC31F10.10c 0 574 1 0 0.263969937 5.3 NA 26.95205641 0.0025389 NA 0 0 1 0 0 0 0 3766606 3769989 NA 59.42833333 0.297859685 II 0 0 0 62.0245706920674
SPBC31F10.13c 4 932 1 0 0.261394755 2.2 1718.39 33.8895604 0.0021906 836.8 0 0 1 0 0 0 0 3774138 3777499 0.904169435 39.79166667 0.546485527 II 0 0 0 32.6559236971881
SPBC32H8.09 2 483 1 0 0.90451529 0.53 NA 21.39991483 0.0027221 NA 0 0 1 0 0 0 0 1468486 1470473 NA 9.915666667 0.331126609 II 0 0 0 59.557411634977
SPBC337.03 3 387 1 0 0.637840575 1.8 4467.02 26.28952063 0.0041388 681.6 0 0 1 0 0 0 0 1035538 1036864 1.047741868 30.675 0.548546125 II 0 0 0 34.0673127483321
SPBC365.06 3 117 1 0 0.695931623 6 29295.21 54.15735679 0.0012372 632.7 0 0 1 0 0 1 0 2506815 2510260 0.329291767 202.8166667 0.333777132 II 0 0 0 67.7803755333787
SPBC3B8.02 2 415 1 0 0.392031267 5 6738.81 32.97789833 0.0017546 373.3 0 0 1 0 0 0 0 3393904 3396524 0.899389133 88.83 0.252976589 II 0 0 0 76.3845339580388
SPBC3D6.04c 1 676 1 0 0.785238244 1 832.08 23.20157891 0.0019042 567 0 0 1 0 0 1 0 1274839 1277059 0.829320906 19.37166667 0.467557084 II 0 0 0 53.3093806079848
SPBC428.08c 0 490 1 0 0.27963925 1.2 NA 11.77797704 0.0041625 NA 0 0 1 0 0 1 0 453996 458487 0.904852646 8.997833333 0.577254943 II 0 0 0 59.4253082528999
SPBC4B4.03 2 803 1 0 0.384429506 3.4 2766.6 30.46058926 0.0036315 638.3 0 0 1 0 0 1 0 3416010 3418693 0.974651513 53.75333333 0.482713487 II 0 0 0 32.8844703125844
SPBC56F2.05c 0 397 1 0 0.14638456 1.6 NA 43.18136836 0.0011004 NA 0 0 1 0 0 1 0 4109970 4112903 0.9674638 8.653333333 0.194043779 II 0 0 0 84.0107540486042
SPBC582.06c 0 327 1 0 0.26435566 0.18 NA 19.15732435 0.0017803 NA 0 0 1 0 0 0 0 429183 430166 1.052998204 2.0675 0.505969697 II 0 0 0 60.1626698832999
SPBC651.10 0 388 1 0 0.774528705 2 NA 28.98005666 0.0030023 NA 0 0 1 0 0 0 0 1257452 1259192 NA 33.75666667 0.229438017 II 0 0 0 28.4392782580303
SPBC660.06 0 273 1 0 0.125903446 6.5 1212.19 42.65301534 0.0044406 NA 0 0 1 0 0 0 0 204405 205721 1.081741768 132.0383333 0.496363218 II 0 0 0 126.679235322716
SPBC660.14 1 581 1 0 0.136345662 0.72 NA 28.89943794 0.0032608 NA 0 0 1 0 0 0 0 221358 224117 1.068101068 14.925 0.522958203 II 0 0 0 88.5271096606913
SPBC713.06 0 774 1 0 0.540436561 0.65 NA 19.82001814 0.0037674 NA 0 0 1 0 0 1 0 877402 882319 1.018097479 7.862333333 0.41126424 II 0 0 0 83.6054037380082
SPBC83.03c 0 549 1 0 0.932553375 0.92 NA 21.11291522 0.0015926 NA 0 0 1 0 0 0 0 1514006 1516211 0.72475963 15.66666667 0.131946783 II 0 0 0 41.9616399588261
SPBC902.04 3 589 1 0 0.301706923 3.7 2721.47 34.12306138 0.0034641 879.9 0 0 1 0 0 1 0 489823 492221 1.039740413 74.31166667 0.588712241 II 0 0 0 85.6964100841026
SPBP22H7.05c 0 1201 1 0 0.886071256 1 NA 24.795011 0.002429 NA 0 0 1 0 0 1 0 1438542 1442780 1.08513136 15.43833333 0.394108896 II 0 0 0 51.5456631475216
SPBP35G2.03c 1 319 1 0 0.596077871 0.69 NA 27.35147977 0.001383 NA 0 0 1 1 0 0 0 967736 968767 1.091374958 15.65166667 0.400110672 II 0 0 0 36.5046221067803
SPBP35G2.10 0 1418 1 0 0.604829302 0.72 NA 19.07000177 0.0038335 NA 0 0 1 0 0 1 0 981944 986422 1.048177255 5.952333333 0.346742028 II 0 0 0 44.2177123886856
SPBP4H10.09 0 428 1 0 0.565725793 0.36 NA NA 0.0030626 NA 0 0 1 0 0 1 0 2888450 2889979 1.095961417 0.379306667 0.15367345 II 0 0 0 65.4260991843202
SPCC1235.12c 0 311 1 0 0.182571919 0.098 NA NA 0.0065506 NA 0 0 1 0 0 0 0 201551 202707 1.072926958 0.952916667 0.49542963 III 0 0 0 124.66109845419
SPCC1259.13 7 496 1 0 0.960002862 1.1 NA 18.76120473 0.0017624 NA 0 0 1 0 0 0 0 1059799 1064443 1.14834572 12.62966667 0.245021452 III 0 0 0 41.2471355529885
SPCC126.11c 2 183 1 0 0.234234715 4.4 2054.5 67.71543252 0.0063472 789.4 0 0 1 0 1 1 0 2135604 2136917 1.098783598 132.15 0.346386839 III 0 0 0 84.3725877682609
SPCC1393.05 10 956 1 0 0.72570868 0.38 NA 25.23547894 0.0061381 NA 0 0 1 0 0 0 0 801149 804543 0.648261633 6.917333333 0.511233438 III 0 0 0 36.7771203168263
SPCC1442.13c 0 187 1 0 0.489840459 1.1 333.01 31.16972922 0.0054356 NA 0 0 1 0 0 1 0 1790811 1792123 1.054489375 17.65333333 0.174819709 III 0 0 0 54.1051642027422
SPCC1450.02 0 578 1 0 0.534934011 12 5189.31 21.39392448 0.0027735 830.6 0 0 1 0 0 1 0 1728388 1731295 0.978650599 166.8666667 0.350981871 III 0 0 0 92.9049447196258
SPCC1620.14c 0 1680 1 0 0.202591834 3.1 2143.49 19.35520792 0.0043534 390.5 0 0 1 0 0 0 0 2171573 2179601 NA 26.06 0.347546691 III 0 0 0 64.8848662415582
SPCC1753.03c 2 339 1 0 0.670023404 0.081 NA NA 0.0022498 NA 0 0 1 0 0 1 0 1547051 1549069 1.111834151 0.099663333 0 III 0 0 0 206.316592308701
SPCC1795.03 1 353 1 0 0.899383489 2.7 3149 32.49126861 0.0024743 NA 0 0 1 0 0 1 0 992878 995031 NA 50.2 0.454227965 III 0 0 0 69.459013555822
SPCC1840.04 5 425 1 0 0.137574327 1.4 2929.56 45.7937616 0.0023988 NA 0 0 1 0 0 0 0 2263904 2267305 1.066200452 30.465 0.596050466 III 0 0 0 70.2389765948752
SPCC18B5.07c 2 549 1 0 0.662048419 5 16823.57 51.60748297 0.0030951 939.9 0 0 1 0 0 1 0 730871 733243 1.033415673 114.0116667 0.587194424 III 0 0 0 58.5128810045325
SPCC24B10.02c 0 449 1 0 0.818225216 1.3 NA 19.44817523 0.0022709 NA 0 0 1 0 0 0 0 903283 905116 1.126206217 22.51166667 0.447659873 III 0 0 0 69.2535731683327
SPCC24B10.08c 0 437 1 0 0.828875116 2.6 1243.63 23.57607797 0.0023331 NA 0 0 1 0 0 1 0 915040 916824 1.036581443 37 0.653331801 III 0 0 0 42.8133920929653
SPCC24B10.14c 2 203 1 0 0.837183433 0.18 NA 38.40585373 0.0021468 NA 0 0 1 0 0 1 0 924212 925737 NA 3.311666667 0.478291592 III 0 0 0 91.6955645355859
SPCC285.16c 1 1254 1 0 0.460489766 2.4 697.11 26.014962 0.0016285 1231.6 0 0 1 0 0 0 0 1827452 1831715 1.044571059 33.77666667 0.556302178 III 0 1 0 73.2049269908684
SPCC290.04 1 697 1 0 0.33250008 3.3 NA 23.23444676 0.004183 NA 0 0 1 0 0 1 0 2001145 2004364 NA 43.49833333 0.335572422 III 0 0 0 54.1525176779055
SPCC320.03 0 867 1 0 0.149972734 7.4 263.46 22.90854563 0.0023546 NA 0 0 1 0 0 1 0 165563 170811 1.117475482 57.045 0.644002323 III 0 0 0 106.426626227409
SPCC330.02 1 563 1 0 0.09559728 0.91 NA 18.59361922 0.0038826 443.8 0 0 1 0 0 1 0 105535 107848 0.993696191 15.09 0.587936443 III 0 0 0 100.473124127258
SPCC417.09c 3 767 1 0 0.561773081 1.3 NA 35.85324922 NA NA 0 0 1 0 0 1 0 1691219 1695091 1.174535823 18.575 0 III 0 0 0 91.9898703456109
SPCC4B3.12 0 441 1 0 0.961006843 1.6 NA 23.42292528 0.0049543 339.9 0 0 1 0 0 0 0 1153914 1156553 1.201111609 39.055 0.292689013 III 0 0 0 64.8265198296251
SPCC4G3.05c 1 608 1 0 0.419147899 1 NA 17.1643424 0.0019177 NA 0 1 1 0 0 1 0 462720 464714 NA 19.78333333 0.625857143 III 0 0 0 17.2650002213292
SPCC4G3.15c 3 306 1 0 0.399971376 2.9 3510.36 33.72589672 0.0008248 707.1 0 0 1 0 0 0 0 441550 442914 1.089676874 86.17166667 0.641318653 III 0 0 0 68.6034744371567
SPCC548.05c 1 468 1 0 0.20232093 1.7 NA 23.83834801 0.0028014 373.3 0 0 1 0 0 1 0 223353 225756 1.087717156 28.97333333 0.579270225 III 0 0 0 77.011129575017
SPCC553.01c 0 715 1 0 0.280951924 1.6 NA 18.10236267 0.0039103 NA 0 0 1 0 0 0 0 310158 312895 0.799088772 26.66833333 0.531409586 III 0 0 0 60.9337300657474
SPCC622.15c 0 557 1 0 0.757638838 1.4 NA 28.63241999 0.0010465 NA 0 0 1 0 0 0 0 1428743 1430882 1.221454736 22.37333333 0 III 0 0 0 89.0264391523753
SPCC970.01 8 877 1 0 0.466320155 1.2 136.46 31.81864208 0.0031061 NA 0 0 1 0 0 1 0 514796 518379 0.845901328 26.78666667 0.604057679 III 0 0 0 36.3393269429039
SPCC970.10c 1 680 1 0 0.443704176 2.8 1431.51 23.80637036 0.0034299 696.8 0 0 1 0 0 0 0 489829 493167 1.115041216 55.79 0.482937661 III 0 0 0 19.0193251258943
SPCP25A2.02c 0 973 1 0 0.941667056 1.6 NA 12.77197248 0.0028478 NA 0 0 1 0 0 0 0 1178932 1182641 1.096368137 27.03333333 0.523858164 III 0 0 0 61.7966885870159
