SPAC1002.16c 0 499 1 0 0.484577975 0.76 NA 20.41061335 0.0035036 NA 1 0 0 0 0 0 0 1827612 1829708 NA 9.217333333 0.365771969 I 1 0 0
SPAC1071.10c 0 919 1 0 0.942120372 190 145212.17 45.62074518 0.0030149 NA 1 0 0 0 0 0 0 3871642 3876176 NA 1533.833333 0.435917383 I 1 0 0
SPAC11D3.06 0 455 1 0 0.030844315 1.9 NA 15.83225264 0.0019209 NA 1 0 0 0 0 0 0 116331 118189 1.122475631 22.18333333 0 I 0 0 0
SPAC11E3.10 4 162 1 0 0.153341569 1.8 NA 71.86303385 0.0008956 NA 1 0 0 0 0 0 0 5300670 5301956 1.057433286 74.005 0.384333011 I 0 0 0
SPAC11G7.02 3 767 1 0 0.89233223 5.4 5119.86 27.36822751 0.0015207 677.6 1 0 0 0 0 0 0 3963058 3966172 0.666597754 101.0383333 0.439829199 I 0 0 0
SPAC1399.03 0 581 1 0 0.488368455 4.3 2435.84 28.0403823 0.00301 NA 1 0 0 0 0 0 0 1841908 1843995 0.911735974 53.46833333 0.552224211 I 0 0 0
SPAC13C5.03 2 543 1 0 0.113308732 0.16 NA 22.99912232 0.004562 NA 1 0 0 0 0 0 0 427350 430121 1.071762634 4.114833333 0.144329258 I 0 0 1
SPAC13C5.06c 1 177 1 0 0.115098975 0.48 NA 16.29690475 0.0016042 NA 1 0 0 0 0 0 0 434102 435179 1.034713622 15.83833333 0 I 0 0 1
SPAC13G6.10c 0 530 1 0 0.050888308 73 27973.88 45.22687222 0.004187 300.3 1 0 0 0 0 0 0 191928 194053 1.006288528 1004.5 0.557329515 I 0 0 1
SPAC14C4.04 0 267 1 0 0.190017698 3.3 11150.05 33.17932819 0.0021789 746 1 0 0 0 0 0 0 5233954 5235661 1.042996395 78.605 0.332360252 I 0 0 0
SPAC14C4.07 0 644 1 0 0.186004595 1.9 459.34 20.90141017 0.004074 NA 1 0 0 0 0 0 0 5240350 5242915 1.038511812 33.72666667 0.41740957 I 0 0 0
SPAC14C4.10c 1 329 1 0 0.183423795 0.79 NA 24.08281274 0.0044238 NA 1 0 0 0 0 0 0 5245900 5247580 1.073007505 11.28366667 0.346674603 I 0 0 1
SPAC1527.02 2 201 1 0 0.661046626 2.1 NA 32.368724 0.0021681 NA 1 0 0 0 0 0 0 4383079 4384239 1.085703382 60.215 0.384899816 I 0 0 0
SPAC1565.02c 1 374 1 0 0.342671748 1.3 NA 47.19540412 0.0035256 NA 1 0 0 0 0 0 0 1292405 1293926 1.008968494 24.79166667 0.313302899 I 0 0 0
SPAC15A10.06 3 567 1 0 0.977968233 1.6 1169.87 33.51106051 0.0030734 365.7 1 0 0 0 0 0 0 3688460 3691125 NA 33.52833333 0.508905987 I 0 0 0
SPAC15A10.09c 0 288 1 0 0.979695372 1.8 1380.53 28.49305494 0.0030308 NA 1 0 0 0 0 0 0 3694974 3696517 1.056401297 38.31166667 0.318787402 I 0 0 0
SPAC15A10.13 6 637 1 0 0.983819137 2.3 2564.51 26.51857259 0.002517 637.2 1 0 0 0 0 0 0 3710527 3713927 NA 42.345 0.15451769 I 0 0 0
SPAC1687.16c 0 300 1 0 0.247225679 4.5 NA 47.09372125 0.002425 NA 1 0 0 0 0 0 0 932425 934021 1.045120732 75.14 0.428998736 I 0 0 1
SPAC1783.02c 3 300 1 0 0.580491225 1.6 2408.17 51.99163511 0.004093 NA 1 0 0 0 0 0 0 2189354 2190953 0.937967023 33.26333333 0.417243946 I 0 0 1
SPAC17A2.06c 0 1272 1 0 0.944689643 1.8 NA 17.60643658 0.002867 NA 1 0 0 0 0 0 0 3562948 3566829 0.999437725 25.79166667 0.40606701 I 0 0 0
SPAC17A5.08 1 210 1 0 0.468605779 9.3 NA 45.26161891 0.0020756 1105.3 1 0 0 0 0 0 0 1767372 1768645 0.880388939 239.55 0.331878943 I 0 0 1
SPAC17A5.12 0 697 1 0 0.470431552 2.3 2128.94 25.21415937 0.0033464 562.5 1 0 0 0 0 0 0 1774258 1776351 NA 33.55666667 0.361862797 I 1 0 0
SPAC17A5.16 7 925 1 0 0.473645346 2 1556.23 37.88988397 0.0022071 660 1 0 0 0 0 0 0 1786379 1790355 1.063655734 26.15333333 0.402616719 I 0 1 0
SPAC17G6.02c 0 324 1 0 0.95149506 3.7 NA 24.79922309 0.0031443 NA 1 0 0 0 0 0 0 3588615 3590624 1.056894439 48.615 0.247900246 I 0 0 0
SPAC17G6.08 0 536 1 0 0.954957559 0.84 857.6 22.37615211 0.001903 NA 1 0 0 0 0 0 0 3601674 3603904 1.075261296 18.15 0.38032126 I 0 0 0
SPAC17G8.08c 1 287 1 0 0.624484761 5.6 24208.4 57.52220519 0.0036453 NA 1 0 0 0 0 0 0 2355278 2356601 1.012129666 146.65 0.32454477 I 0 0 1
SPAC17G8.11c 1 356 1 0 0.62578237 1.7 1847.77 24.22291054 0.0020446 NA 1 0 0 0 0 0 0 2360172 2362268 0.783897382 14.67166667 0.261109032 I 0 0 1
SPAC186.03 0 360 1 0 0.023623311 1.9 NA 31.91043427 0.0008471 NA 1 0 0 0 0 0 0 NA NA NA NA 0 I 0 0 0
SPAC1952.10c 1 361 1 0 0.327801994 0.57 NA 19.36273431 0 NA 1 0 0 0 0 0 0 4984297 4986605 1.071576344 11.14266667 0.178600144 I 0 0 0
SPAC19B12.06c 3 258 1 0 0.378271157 5.6 2006.48 57.99882793 0.0005637 NA 1 0 0 0 0 0 0 4893974 4895378 1.144784772 169.1166667 0.410093345 I 0 0 0
SPAC1A6.06c 1 185 1 0 0.286862126 0.22 NA 37.35664343 0.0007849 NA 1 0 0 0 0 0 0 1081916 1083616 1.052311238 2.416833333 0.166742198 I 0 0 0
SPAC1B3.15c 0 628 1 0 0.343204363 1.5 NA 23.35800654 0.0011605 NA 1 0 0 0 0 0 0 4955644 4958764 1.029630007 16.6715 0.316657684 I 0 0 0
SPAC1B3.16c 0 568 1 0 0.341949093 15 4145.35 33.48257048 0.0025656 280.8 1 0 0 0 0 0 0 4958698 4961033 1.021146056 276.3166667 0.427889432 I 1 0 0
SPAC1F3.05 3 510 1 0 0.165208028 5.5 10912.55 49.09724726 0.0028569 807.2 1 0 0 0 0 0 0 623091 625407 1.046321592 92.46 0.426514318 I 0 0 0
SPAC1F7.07c 0 397 1 0 0.743742321 5.3 4872.54 34.71135981 0.0047684 NA 1 0 0 0 0 0 0 4232998 4234760 0.959847097 50.44333333 0.479314194 I 0 0 1
SPAC1F8.06 0 385 1 0 0.026480066 1.1 NA 22.31922097 0.0213496 NA 1 0 0 0 0 0 0 99871 101431 0.98399928 22.2 0.207729801 I 0 0 1
SPAC22A12.15c 0 663 1 0 0.313582412 41 123452.29 21.02662575 0.0013191 766.2 1 0 0 0 0 0 0 1182693 1185497 NA 765.6166667 0.280557359 I 1 0 1
SPAC22E12.01 1 374 1 0 0.308532573 1.6 590.87 29.13373767 0.0015572 NA 1 0 0 0 0 0 0 5019371 5021436 1.027476311 21.45 0.303970769 I 0 0 0
SPAC22E12.05c 1 184 1 0 0.30519164 3.8 2908.65 24.0717017 0 NA 1 0 0 0 0 0 0 5026143 5027475 1.075609765 101.4233333 0.355367491 I 0 0 0
SPAC22E12.09c 0 709 1 0 0.300131834 4 1602.8 39.0353302 0.0002056 NA 1 0 0 0 0 0 0 5034187 5036621 NA 66.30666667 0.566389277 I 1 0 0
SPAC22E12.16c 3 851 1 0 0.291386435 4 1412.54 26.4289575 0.0013708 NA 1 0 0 0 0 0 0 5049155 5052429 NA 74.795 0.576540048 I 1 0 0
SPAC22E12.17c 2 483 1 0 0.290109035 7.5 5317.35 46.15560158 0.0020984 689.1 1 0 0 0 0 0 0 5052522 5054738 NA 154.9166667 0.426923615 I 1 0 0
SPAC22F8.04 0 383 1 0 0.435887449 3.5 NA 25.9463446 0.004562 578.6 1 0 0 0 0 0 0 4789418 4791232 0.902407261 42.85833333 0.350505599 I 0 0 0
SPAC23A1.15c 0 226 1 0 0.815663935 2 NA 21.08768895 0.0045018 616.1 1 0 0 0 0 0 0 4103733 4104756 NA 43.415 0.334078071 I 0 0 0
SPAC23C11.14 0 387 1 0 0.572352669 7.9 12504.62 44.71990928 0.0033863 NA 1 0 0 0 0 0 0 2158659 2160086 1.079581804 162.4666667 0.601620562 I 0 0 0
SPAC23C4.13 2 117 1 0 0.278841295 2.6 NA 20.97012151 0.0037115 432.6 1 0 0 0 0 0 0 1051665 1052724 NA 89.21333333 0.023972789 I 1 0 1
SPAC23D3.03c 0 472 1 0 0.684345746 3.4 952.34 26.01757663 0.0040123 492.7 1 0 0 0 0 0 0 4340057 4342124 1.069101104 81.61333333 0.349172629 I 0 0 0
SPAC23D3.11 0 296 1 0 0.673963351 1 3648.73 48.90357346 0.0034407 4550.3 1 0 0 0 0 0 0 4357920 4360891 1.060498995 24.44333333 0.162810588 I 0 0 1
SPAC23D3.12 0 559 1 0 0.671620991 22 4271.41 27.14413463 0.0049531 116.2 1 0 0 0 0 0 0 4362493 4365125 1.056817698 86.165 0.472594314 I 0 0 0
SPAC23D3.13c 3 1616 1 0 0.667423664 1.6 1289.52 29.7712688 0.0033404 2409 1 0 0 0 0 0 0 4367585 4372712 1.089033759 18.27333333 0.495012305 I 0 1 0
SPAC23H3.04 3 353 1 0 0.66260088 0.23 NA 19.10498851 0.0012561 NA 1 0 0 0 0 0 0 2499035 2500236 1.038401341 6.096166667 0.432291737 I 0 0 0
SPAC23H4.13c 1 184 1 0 0.420518439 1.1 NA 35.59135377 0.0007891 NA 1 0 0 0 0 0 0 1586008 1587570 NA 28.365 0.160083921 I 0 0 1
SPAC24H6.11c 0 958 1 0 0.123058029 3 1539.35 31.48998138 0.0024399 1452 1 0 0 0 0 0 0 464120 468581 1.114558953 33.21166667 0.403892445 I 0 0 1
SPAC24H6.13 0 871 1 0 0.121151918 5.4 9558.57 22.62758726 0.0021764 318.1 1 0 0 0 0 0 0 456931 460811 0.977389182 41.10666667 0.011354918 I 0 0 0
SPAC25B8.08 0 590 1 0 0.779464687 0.92 1021.28 20.43722045 0.0024701 647.9 1 0 0 0 0 0 0 4168212 4170189 0.984352358 16.62 0.504537591 I 0 0 0
SPAC25B8.17 0 295 1 0 0.767685396 2.8 919.99 34.86139289 0.002466 NA 1 0 0 0 0 0 0 4190288 4191481 0.832964284 58.685 0.482549754 I 0 0 1
SPAC25H1.05 0 217 1 0 0.670836477 1.9 4181.34 26.13085767 0.002009 NA 1 0 0 0 0 0 1 2530096 2531201 0.976043457 50.405 0.146883168 I 0 0 0
SPAC26H5.13c 1 236 1 0 0.788956942 2.5 NA 21.1361553 0.0024639 NA 1 0 0 0 0 0 0 4150008 4153031 NA 50.58166667 0.435291618 I 1 0 0
SPAC2E12.03c 0 283 1 0 0.285139405 0.9 NA 20.84889784 0.0030842 NA 1 0 0 0 0 0 0 5061722 5063721 1.075336651 15.08 0.275501189 I 0 0 0
SPAC2F3.01 0 319 1 0 0.91594171 1.2 NA 21.26604569 0.0036496 NA 1 0 0 0 0 0 0 3922354 3923496 0.987782599 29.07666667 0.35327008 I 0 0 0
SPAC2F3.08 2 553 1 0 0.907835287 1 230.4 17.3975546 0.0036914 NA 1 0 0 0 0 0 0 3935124 3938149 1.083313416 17.22666667 0.371673146 I 0 0 0
SPAC2F3.10 0 949 1 0 0.903255681 1.8 1427.37 21.32831652 0.0020026 575 1 0 0 0 0 0 0 3943042 3946427 NA 21.64333333 0.392455438 I 1 0 0
SPAC2F7.08c 0 632 1 0 0.144943967 3.7 NA 13.04568146 0.0020756 NA 1 0 0 0 0 0 0 546664 548562 0.868106429 44.16666667 0.425032258 I 0 0 0
SPAC2F7.10 0 642 1 0 0.145995523 1.2 488.19 21.39510404 0.0034777 NA 1 0 0 0 0 0 0 550630 553595 1.145126107 19.61833333 0 I 0 0 0
SPAC30D11.11 0 442 1 0 0.290980588 4.7 6067.7 22.32188235 0.0009886 328.5 1 0 0 0 0 0 0 1097449 1099554 1.052376027 53.78666667 0.409369553 I 0 0 1
SPAC31A2.13c 1 91 1 0 0.109834037 1.2 2377.47 55.60056572 0 651.8 1 0 0 0 0 0 0 414245 414930 0.089739806 37.55666667 0.291251553 I 0 0 1
SPAC343.19 0 624 1 0 0.445906647 2.3 853 19.16641315 0.0035036 482.2 1 0 0 0 0 0 0 1681761 1684467 0.982745742 34.22666667 0.395233238 I 0 0 0
SPAC3A11.06 9 664 1 0 0.917190368 0.41 828.4 32.97567781 0.003732 539.7 1 0 0 0 0 0 0 3459233 3462098 1.073870243 9.667166667 0.087510669 I 0 0 0
SPAC3A11.10c 0 409 1 0 0.914245163 4.2 700.68 25.19069683 0.0021364 739.2 1 0 0 0 0 0 0 3448125 3449855 1.035040665 91.96166667 0.470873418 I 0 0 0
SPAC3C7.01c 0 611 1 0 0.546611026 3 1311.83 34.72269204 0.0028625 NA 1 0 0 0 0 0 0 2061573 2063810 1.093733332 62.10666667 0.385269625 I 0 0 0
SPAC3F10.02c 0 841 1 0 0.747177954 2.9 NA 19.17457857 0.0008669 NA 1 0 0 0 0 0 0 2818022 2821120 1.0316877 41.87 0.506915241 I 0 0 0
SPAC3F10.11c 0 1478 1 0 0.752241914 3.5 6202.03 40.90056396 0.0028918 733.6 1 0 0 0 0 0 0 2837121 2841820 1.008774103 28.17833333 0.598178629 I 0 0 0
SPAC3H1.13 3 344 1 0 0.521027407 0.58 3408.95 42.0130964 0.0016926 630.5 1 0 0 0 0 0 0 1965083 1966458 1.089194026 16.95333333 0.44486087 I 0 0 1
SPAC3H8.06 0 422 1 0 0.158680745 4 934.73 25.50606701 0.0006902 NA 1 0 0 0 0 0 0 598473 600805 NA 58.08666667 0.379458824 I 1 0 0
SPAC458.06 4 364 1 0 0.461826011 0.8 100 27.40064797 0.0023998 NA 1 0 0 0 0 0 0 4742809 4744346 1.035671071 23.56666667 0.549768275 I 0 0 0
SPAC4A8.04 0 467 1 0 0.674739113 6.9 15550.03 26.62010275 0.0018716 79.9 1 0 0 0 0 0 0 2544815 2546981 0.927197796 60.73166667 0.40818961 I 0 0 0
SPAC4D7.01c 1 1811 1 0 0.125712901 2.3 1187.14 35.0011566 0.0020141 558.4 1 0 0 0 0 0 0 5346202 5351897 0.955857988 19.10166667 0.463410651 I 0 0 0
SPAC4F10.10c 0 337 1 0 0.402357518 4.2 10048.58 22.48997422 0.0008638 614.4 1 0 0 0 0 0 0 4849746 4851840 NA 94.94166667 0.291435653 I 1 0 1
SPAC4F8.15 0 575 1 0 0.699868807 2.3 NA 30.71188887 0.0027879 NA 1 0 0 0 0 0 0 2639593 2642347 1.135834975 55.04 0.357797535 I 0 0 0
SPAC4G8.03c 0 780 1 0 0.200955627 0.98 NA 29.85281249 0.0020561 NA 1 0 0 0 0 0 0 757915 762714 1.139197635 8.7975 0.136463709 I 0 0 0
SPAC4G8.10 0 182 1 0 0.207168716 0.69 NA 23.41966376 0.0015955 430.2 1 0 0 0 0 0 0 781348 783419 0.962754304 17.97666667 0.228771797 I 0 0 0
SPAC4G9.07 0 513 1 0 0.599961979 0.1 NA NA 0.0025562 NA 1 0 0 0 0 0 0 2262789 2265404 NA 1.407066667 0.071245753 I 0 0 0
SPAC4G9.14 5 221 1 0 0.604579173 1.6 NA 48.49095336 0.0019998 NA 1 0 0 0 0 0 0 2280203 2281847 1.02005932 51.955 0.205268608 I 0 0 0
SPAC56E4.07 0 235 1 0 0.333111762 2.8 7868.38 56.62603741 0.0018557 683.1 1 0 0 0 0 0 0 1256349 1260334 1.017527771 68.57 0.311539315 I 0 0 1
SPAC56F8.12 0 394 1 0 0.304074395 0.046 NA NA 0.0051742 NA 1 0 0 0 0 0 0 1146833 1148085 1.052817516 0.472033333 0 I 0 0 0
SPAC57A7.09 0 372 1 0 0.404250078 2 NA 21.98771174 0.0007828 NA 1 0 0 0 0 0 1 1524651 1526191 0.978600693 35.47833333 0.342638889 I 0 0 0
SPAC589.07c 5 373 1 0 0.823029711 0.57 432.3 17.91041431 0.0009976 NA 1 0 0 0 0 0 0 3104101 3105908 1.027642081 11.37 0.472216514 I 0 0 0
SPAC5D6.09c 0 304 1 0 0.396459921 1.6 7449.96 19.9627619 0.0028718 NA 1 0 0 0 0 0 0 1495270 1498669 1.051660867 10.6895 0.186543259 I 0 0 1
SPAC5H10.11 0 329 1 0 0.043634534 0.1 NA 24.79215631 0.0053086 NA 1 0 0 0 0 0 0 164570 166335 1.059607493 2.14235 0.416322508 I 0 0 1
SPAC5H10.12c 0 371 1 0 0.043964371 1.2 2887.98 17.52477143 0.0007849 1029.1 1 0 0 0 0 0 0 165814 167826 1.070301258 28.85666667 0.462108583 I 0 0 0
SPAC607.07c 0 143 1 0 0.542842287 7.9 5599.49 22.19287285 0.0010138 1558.9 1 0 0 0 0 0 0 2047359 2048308 1.036852996 176.6333333 0.128162791 I 0 0 0
SPAC630.11 5 128 1 0 0.097210328 1.2 19094.9 50.81116488 0.0056583 NA 1 0 0 0 0 0 0 366634 367890 1.032132192 51.14666667 0.319703043 I 0 0 0
SPAC6C3.06c 3 1033 1 0 0.617999901 2.2 247.7 26.81927732 0.0011295 656.4 1 0 0 0 0 0 0 2330820 2335555 1.079326187 31.185 0.442568627 I 0 0 0
SPAC6F12.04 0 132 1 0 0.348929911 3.3 NA 54.10140688 0 NA 1 0 0 0 0 0 0 1316008 1316643 1.0744817 112.5333333 0.04633121 I 0 0 0
SPAC6F12.10c 0 1323 1 0 0.352398772 14 38221.92 46.98383707 0.0028668 817.8 1 0 0 0 0 0 0 1329091 1333409 NA 207.05 0.570877795 I 0 0 0
SPAC6F6.12 2 401 1 0 0.73033609 1.9 3524.8 22.91486638 0.0010894 688.5 1 0 0 0 0 0 0 2754502 2756380 0.728543175 45.96 0.453835542 I 0 0 0
SPAC6F6.13c 0 778 1 0 0.730817589 2.6 NA 17.30088317 0.0007496 NA 1 0 0 0 0 0 0 2756318 2758924 1.033249276 45.48333333 0.566335065 I 0 0 0
SPAC6G10.03c 0 428 1 0 0.853364687 2.5 1863.01 20.26316561 0.0047641 159.7 1 0 0 0 0 0 0 3218511 3220729 1.04283059 34.015 0.390394 I 0 0 1
SPAC6G9.11 1 121 1 0 0.866343422 15 6299.85 48.09495969 0.0023932 605.1 1 0 0 0 0 0 0 3267461 3269670 NA 349.6 0.234473858 I 1 0 1
SPAC750.02c 0 485 1 0 0.009533193 NA NA NA 0 NA 1 0 0 0 0 0 0 NA NA NA NA 0.592238462 I 0 0 0
SPAC767.01c 1 678 1 0 0.529430044 4.1 10600.36 31.08880474 0.001505 824.2 1 0 0 0 0 0 0 1996774 1999613 1.247368592 68.23 0.464106934 I 0 0 0
SPAC823.05c 1 301 1 0 0.686366416 1.9 2385 24.13539745 0.0004834 647.7 1 0 0 0 0 0 0 2588668 2590139 NA 36.17666667 0.525330463 I 0 1 0
SPAC823.07 0 331 1 0 0.687094232 2 NA 20.99052009 0.0021986 NA 1 0 0 0 0 0 0 2591413 2592545 NA 52.75333333 0.537148148 I 1 0 0
SPAC823.16c 4 335 1 0 0.691805288 0.48 NA 30.19671731 0.0013034 NA 1 0 0 0 0 0 0 2609181 2611001 1.090428866 14.92 0.40724113 I 0 0 0
SPAC824.02 0 1142 1 0 0.446659653 1.3 2213.44 23.3857664 0.0019158 NA 1 0 0 0 0 0 0 1684601 1688865 0.781789608 14.54666667 0.442269539 I 0 0 1
SPAC824.08 0 556 1 0 0.450160862 2.4 3053.63 32.68837848 0.0023588 363.8 1 0 0 0 0 0 0 1697806 1700162 1.033687817 19.37 0.428924109 I 0 0 1
SPAC824.09c 4 320 1 0 0.450777849 4.3 2222.65 39.82750063 0.0009096 535.5 1 0 0 0 0 0 0 1700133 1701704 1.075164639 120.15 0.457 I 0 0 0
SPAC869.03c 0 661 1 0 0.035554739 0.025 NA NA 0.0037508 NA 1 0 0 0 0 0 0 5512757 5514865 1.12216631 0.088365 0.579513581 I 0 0 0
SPAC869.05c 0 840 1 0 0.038920014 3.9 2730.58 19.54126091 0.0024033 106.5 1 0 0 0 0 0 0 5505583 5508782 1.014591844 36.15166667 0.493710678 I 0 0 0
SPAC869.10c 0 552 1 0 0.046458274 7.9 391.94 21.53418454 0.0015839 NA 1 0 0 0 0 0 0 5492902 5495156 1.099252623 75.00666667 0 I 0 0 1
SPAC8F11.10c 1 401 1 0 0.76086515 20 19810.85 19.38831738 0.0036315 112.1 1 0 0 0 0 0 0 2869644 2871785 0.974885769 195.05 0.350445247 I 0 0 0
SPAC959.06c 0 225 1 0 0.900961248 0.55 NA NA NA NA 1 0 0 0 0 0 0 3398024 3398701 NA 8.123 0.225719665 I 0 0 0
SPAC977.12 0 356 1 0 0.014946889 5.3 NA 37.13960241 0 NA 1 0 0 0 0 0 0 NA NA NA NA 0.578714286 I 0 0 0
SPAC9E9.09c 0 503 1 0 0.621796336 70 130580.25 18.57369731 0.000869 166 1 0 0 0 0 0 0 4453280 4455187 0.801470021 806.4166667 0.317311061 I 0 0 0
SPAC9G1.07 0 418 1 0 0.52577134 2 664.92 23.87076119 0.0038356 664.7 1 0 0 0 0 0 0 1982975 1984542 1.059006688 42.65666667 0.082023734 I 0 0 0
SPAP14E8.03 2 235 1 0 0.510371322 1.9 14238.48 19.32442065 0.0012372 798.8 1 0 0 0 0 0 0 1924893 1926539 NA 48.10833333 0.348975106 I 1 0 0
SPAP7G5.06 0 583 1 0 0.993958193 2.9 1280.16 25.56234587 0.0027497 NA 1 0 0 0 0 0 0 3748767 3751729 NA 11.22366667 0.153333893 I 0 0 0
SPBC1105.08 1 629 1 0 0.348808661 4 NA 31.18443235 0.0018538 NA 1 0 0 0 0 0 0 3520244 3522574 1.003692132 52.12833333 0.560864929 II 0 0 0
SPBC119.16c 0 448 1 0 0.459481517 1.2 199.26 24.72737738 0.0029262 1865.9 1 0 0 0 0 0 0 745971 750738 1.044637069 20.91833333 0.477475513 II 0 0 1
SPBC1198.01 0 423 1 0 0.106176386 0.67 NA 21.33884895 0.0037874 NA 1 0 0 0 0 0 0 172378 174315 1.067229277 13.764 0.626567002 II 0 0 0
SPBC11C11.05 0 284 1 0 0.404881806 3.8 NA 19.33632584 0.0020489 NA 1 0 0 0 0 0 0 3357764 3359048 NA 47.91833333 0.304220339 II 1 0 1
SPBC1289.13c 0 375 1 0 0.044601409 2.5 2214.43 18.54039202 0.0023296 337 1 0 0 0 0 0 0 4407285 4409733 1.142232043 57.60833333 0.231184974 II 0 0 1
SPBC13G1.05 3 649 1 0 0.275288396 1.1 100 24.86265082 0.0033898 NA 1 0 0 0 0 0 0 3734388 3736981 NA 12.811 0.454741765 II 1 0 1
SPBC13G1.07 0 356 1 0 0.274617683 1.2 NA 32.86328234 0.0020446 NA 1 0 0 0 0 0 0 3737558 3738937 NA 26.55166667 0.399444615 II 1 0 1
SPBC14C8.05c 0 450 1 0 0.797692485 0.049 NA NA 0.0035606 NA 1 0 0 0 0 0 0 2211798 2213495 1.12687431 0.352566667 0.523675092 II 0 0 1
SPBC14C8.15 3 460 1 0 0.790888997 2.3 670.82 35.51878884 0.0025334 NA 1 0 0 0 0 0 0 2229935 2233336 0.949152042 63.49333333 0.303323568 II 0 0 0
SPBC1539.04 1 279 1 0 0.058288968 9.3 6577.81 39.63412879 0.0005214 NA 1 0 0 0 0 0 0 4368286 4369816 1.072192318 169.5166667 0.343448696 II 0 0 1
SPBC15C4.04c 0 542 1 0 0.786984732 5.4 NA 51.31800784 0.0037685 NA 1 0 0 0 0 0 0 2242388 2244722 1.108094628 86.255 0.490641765 II 0 0 0
SPBC1683.05 0 559 1 0 0.091108379 2.8 NA 21.79002793 0.0036496 NA 1 0 0 0 0 0 0 147915 150574 NA 46.96666667 0 II 0 0 0
SPBC1685.13 0 183 1 0 0.323687747 20 4109.23 15.4477423 0.003967 NA 1 0 0 0 0 0 0 525509 528544 1.052706522 114.1683333 0.57891343 II 0 0 0
SPBC16A3.02c 0 347 1 0 0.082615014 4 12448.21 25.27909056 0.003356 759.9 1 0 0 0 0 0 0 4296979 4298874 1.125908711 106.9783333 0.289729315 II 0 0 1
SPBC16E9.09c 3 215 1 0 0.894378078 6.8 4612.29 53.97281686 0.0027034 865.2 1 0 0 0 0 0 0 1930400 1931531 0.927393346 201.2166667 0.45276794 II 0 0 1
SPBC1734.04 0 430 1 0 0.657088425 7 6426.29 28.46701252 0.0006774 567 1 0 0 0 0 0 0 1066787 1069768 0.191879569 137.4 0.428331557 II 0 0 1
SPBC1734.08 3 373 1 0 0.661566388 1.8 2450.29 27.08963344 0.003513 424.1 1 0 0 0 0 0 0 1074057 1075953 0.950932766 40.63333333 0.400698403 II 0 0 0
SPBC1773.15 0 497 1 0 0.194348527 1.3 NA 18.41461035 0.0029314 NA 1 0 0 0 0 0 0 315526 317629 1.110485372 17.72166667 0.488272152 II 0 0 0
SPBC17D11.08 4 435 1 0 0.416210209 2.1 8564.24 26.09193243 0.0043528 531.2 1 0 0 0 0 0 0 3323993 3326011 0.991932255 51.91166667 0.407861771 II 0 1 0
SPBC1861.06c 0 433 1 0 0.135636344 0.013 NA NA 0.002691 NA 1 0 0 0 0 0 0 4142680 4144248 1.120346638 0.127185 0.411633495 II 0 0 0
SPBC18A7.01 0 451 1 0 0.620317265 3.5 1022.01 43.43343389 0.0029068 NA 1 0 0 0 0 0 0 2729195 2730774 1.156033826 50.38333333 0.079924528 II 0 0 1
SPBC1921.06c 0 378 1 0 0.727380741 2.2 4104.63 16.06845795 0.0019259 455.8 1 0 0 0 0 0 0 2416908 2418545 0.903838624 35.76 0.44182737 II 0 0 1
SPBC19C7.05 0 150 1 0 0.58583485 12 NA 41.91449191 0.0009668 NA 1 0 0 0 0 0 0 2829740 2831335 0.953818548 129.05 0.12004127 II 0 0 0
SPBC19C7.12c 0 390 1 0 0.580275061 3 5535.02 27.96248741 0.0014935 297 1 0 0 0 0 0 0 2842901 2847549 1.034693226 67.59666667 0.208101169 II 0 0 1
SPBC19F8.06c 0 574 1 0 0.444737129 0.14 NA NA 0.002285 NA 1 0 0 0 0 0 0 3239038 3242818 0.896964804 0.916566667 0.114781732 II 0 0 0
SPBC19G7.14c 2 411 1 0 0.7415199 1.8 1620.12 30.38411902 0.001063 NA 1 0 0 0 0 0 0 2375703 2377311 NA 41.48333333 0.451491379 II 1 1 0
SPBC21B10.09 3 519 1 0 0.989376943 1.8 256.38 33.81316154 0.001123 NA 1 0 0 0 0 0 0 1651920 1654486 1.043335271 33.70666667 0.499439704 II 0 0 0
SPBC25B2.03 1 554 1 0 0.663564217 5.1 9038.44 17.78206942 0.0018413 372.1 1 0 0 0 0 0 0 2601773 2604653 1.093741227 77.55166667 0.344080189 II 0 0 1
SPBC25H2.16c 5 533 1 0 0.442709216 4.6 13834.76 70.84899672 0.002187 815 1 0 0 0 0 0 0 3246497 3248732 0.987111115 123.3 0.515305699 II 0 0 0
SPBC27B12.03c 0 329 1 0 0.815637885 7.6 343.06 43.16373962 0.0026543 334.7 1 0 0 0 0 0 0 1324193 1325832 1.073808571 92.79166667 0.411370174 II 0 0 1
SPBC27B12.08 9 1919 1 0 0.822718857 2.2 2207.84 44.10018707 0.002129 855.7 1 0 0 0 0 0 0 1335689 1344204 0.641548644 22.08 0.435024259 II 0 0 0
SPBC28F2.11 1 310 1 0 0.978905529 11 43439.91 54.59745276 0.0028164 724.5 1 0 0 0 0 0 0 1589259 1590907 1.079768781 261.5833333 0.229459062 II 0 0 0
SPBC29A3.01 0 904 1 0 0.856938146 3.4 3032.18 23.64468556 0.002581 1128.2 1 0 0 0 0 0 0 2037987 2040717 0.984463556 37.66666667 0.544946718 II 0 0 0
SPBC29B5.04c 0 605 1 0 0.960188013 3.1 1728.14 32.67134408 0.0012045 746.6 1 0 0 0 0 0 0 1558871 1561210 1.061224291 49.93666667 0.342035616 II 0 0 0
SPBC2A9.05c 1 219 1 0 0.542671565 2.3 NA 30.26362747 0.0006636 NA 1 0 0 0 0 0 0 2955430 2957212 1.135565285 57.32 0.25073913 II 0 0 1
SPBC2F12.15c 1 329 1 0 0.971874959 1.1 NA 19.81324188 0.0017695 NA 1 0 0 0 0 0 0 1704264 1705527 0.901987933 24.85166667 0.462735849 II 0 0 1
SPBC2G2.01c 1 514 1 0 0.378047099 1 437.57 22.40741565 0.0019843 NA 1 0 0 0 0 0 0 3434778 3437306 0.901931841 18.95166667 0.435256551 II 0 0 0
SPBC2G5.04c 0 333 1 0 0.670543271 2.4 NA 26.32755863 0.0026225 NA 1 0 0 0 0 0 0 2582992 2584300 1.075852574 41.71666667 0.433144314 II 0 0 1
SPBC32F12.12c 3 164 1 0 0.592514894 2.3 NA 47.81520618 0.0044238 NA 1 0 0 0 0 0 0 2810445 2811854 1.060064227 78.63666667 0.329229808 II 0 0 0
SPBC32H8.13c 0 2352 1 0 0.910379758 1.3 275.84 17.50568969 0.0022335 NA 1 0 0 0 0 0 0 1478007 1486116 1.073954969 8.987333333 0.351005854 II 0 0 0
SPBC336.11 0 508 1 0 0.609880403 2 NA 32.77935923 0.0025813 NA 1 0 0 0 0 0 0 2759472 2761211 NA 48.20666667 0.493695941 II 1 0 0
SPBC342.01c 2 506 1 0 0.115851329 1.2 347.63 29.57863808 0.0008638 NA 1 0 0 0 0 0 0 4199356 4201947 0.832898667 16.24833333 0.549082948 II 0 0 0
SPBC354.02c 5 479 1 0 0.335539875 6.9 8070.96 56.55087762 0.0036496 NA 1 0 0 0 0 0 0 544751 547039 NA 153.0333333 0.601557798 II 1 0 1
SPBC354.14c 5 550 1 0 0.359473879 1.9 7198.14 21.46493786 0.0010598 541.7 1 0 0 0 0 0 0 583608 586015 0.93601336 45.13166667 0.78339698 II 0 0 0
SPBC359.01 0 581 1 0 0.064434009 0.99 NA 16.0442789 0 NA 1 0 0 0 0 0 0 NA NA NA NA 0.23835184 II 0 0 0
SPBC359.03c 0 579 1 0 0.068374863 3.9 2209.53 15.79964098 0 NA 1 0 0 0 0 0 0 NA NA NA NA 0.238154504 II 0 0 0
SPBC36.11 1 343 1 0 0.531253965 2.3 1979.4 16.42417946 0.0012731 NA 1 0 0 0 0 0 0 862494 864710 0.970078698 36.695 0.242959528 II 0 0 0
SPBC36B7.07 1 225 1 0 0.735272596 1.1 3510.36 30.65319825 0.0019379 427.9 1 0 0 0 0 0 0 2393535 2395530 NA 27.97166667 0.523129137 II 1 0 1
SPBC3B9.09 0 467 1 0 0.1834305 0.49 145.64 15.26806003 0.0021835 NA 1 0 0 0 0 0 0 4002816 4004866 0.868985333 9.301 0.354644957 II 0 0 0
SPBC3B9.10 5 214 1 0 0.182972728 4.5 5699.21 49.89937055 0.001358 460.6 1 0 0 0 0 0 1 4004858 4006201 NA 191.0166667 0.499166255 II 1 0 0
SPBC3D6.13c 0 726 1 0 0.79664627 12 10048.58 49.53405816 0.001004 278.2 1 0 0 0 0 0 0 1293360 1296034 1.01059416 192.65 0.446123648 II 0 0 0
SPBC3F6.02c 0 340 1 0 0.120352241 5.5 27914.53 52.14779055 0.0012843 872.5 1 0 0 0 0 0 0 4187250 4188821 NA 111.6733333 0.445884367 II 1 0 1
SPBC3H7.09 0 350 1 0 0.9162541 1.9 NA 13.98109791 0.0020796 NA 1 0 0 0 0 0 0 1865821 1867734 0.853574323 37.08833333 0.330448752 II 0 0 0
SPBC405.03c 0 341 1 0 0.477630201 0.67 NA 21.85805684 0.0012806 NA 1 0 0 0 0 0 0 3145383 3146892 1.183118474 15.645 0.492922837 II 0 0 0
SPBC428.03c 0 463 1 0 0.274297724 43 23201.26 46.85159609 0.0044047 1471.3 1 0 0 0 0 0 0 445324 447177 1.104452516 397.3633333 0.571353067 II 0 0 1
SPBC4B4.08 0 531 1 0 0.380749841 9.7 10312.95 19.21152624 0.0027441 NA 1 0 0 0 0 0 0 3427180 3429424 NA 124.0416667 0.36302279 II 0 0 0
SPBC4C3.08 0 372 1 0 0.486015147 0.059 NA NA 0.0039138 NA 1 0 0 0 0 0 0 3120771 3122439 1.080394271 1.3231 0.329357377 II 0 0 1
SPBC4F6.05c 0 384 1 0 0.633114311 3 9639.61 31.97347595 0.0007584 714.2 1 0 0 0 0 0 0 2691758 2693454 0.986620982 53.72 0.310703158 II 0 0 1
SPBC4F6.18c 1 180 1 0 0.62128253 27 85466.6 61.95905748 0.0016131 806.3 1 0 0 0 0 0 0 2726357 2727959 NA 785.4166667 0.243571235 II 1 0 0
SPBC530.09c 1 296 1 0 0.498540196 3.1 NA 38.45756036 0.002466 NA 1 0 0 0 0 0 0 809383 810978 1.110996336 69.13666667 0.316143241 II 0 0 0
SPBC577.11 2 239 1 0 0.475073083 3.8 NA 32.77589339 0.0012165 490.5 1 0 0 0 0 0 0 771284 773342 1.052914616 113.5233333 0.259700292 II 0 0 1
SPBC609.04 0 531 1 0 0.470225951 0.48 NA 21.82778438 0.0046649 NA 1 0 0 0 0 0 0 3166119 3168485 1.146376979 12.13 0.256781709 II 0 0 0
SPBC691.01 5 312 1 0 0.874884971 0.43 NA 19.47221118 0.0018676 NA 1 0 0 0 0 0 0 1420381 1421900 1.126610073 10.30283333 0.092009231 II 0 0 0
SPBC776.05 6 403 1 0 0.464990203 0.57 NA 28.83521582 0.0014418 NA 1 0 0 0 0 0 0 3181709 3183754 1.126503455 15.42166667 0.477927586 II 0 0 1
SPBC839.08c 1 935 1 0 0.377781788 4.4 3506.66 37.66869667 0.0031193 609.7 1 0 0 0 0 0 0 613331 616647 NA 69.36333333 0.599512382 II 1 0 0
SPBC887.17 0 625 1 0 0.329763968 7.3 2569.81 28.35132337 0.0018656 NA 1 0 0 0 0 0 0 3575420 3578114 1.018305872 100.9416667 0.548840445 II 1 0 0
SPBC8D2.02c 3 170 1 0 0.838302415 2.7 1429.16 40.53503984 0.0025611 NA 1 0 0 0 0 0 0 1360989 1363295 0.979715543 92.63666667 0.199448877 II 0 0 0
SPBC9B6.08 0 229 1 0 0.929811014 29 26225.94 52.59242272 0.0012694 721.1 1 0 0 0 0 0 0 1827128 1828198 NA 542.1666667 0.443922199 II 1 0 0
SPBP26C9.03c 0 584 1 0 0.201677111 0.94 NA 16.93138629 0.0059891 NA 1 0 0 0 0 0 0 327424 331064 1.091155491 6.992 0.57453986 II 0 0 0
SPBP35G2.11c 1 397 1 0 0.607563508 2.7 4031.18 29.64005273 0.0033012 NA 1 0 0 0 0 0 0 986383 988594 1.060301752 31.41 0.098881383 II 0 0 0
SPBP4H10.11c 0 689 1 0 0.564037694 7.2 16850.92 24.92881318 0.0019042 663.9 1 0 0 0 0 0 0 2892129 2894902 NA 59.10833333 0.429973057 II 0 0 0
SPBP8B7.13 1 251 1 0 0.302783529 1.1 NA 23.82147901 0 NA 1 0 0 0 0 0 0 3655454 3656797 1.072869894 24.09166667 0.222612698 II 0 0 1
SPBP8B7.22 2 212 1 0 0.294438703 2.6 NA 32.21688793 0 NA 1 0 0 0 0 0 0 3679604 3681133 0.883084321 76.795 0.420510801 II 0 0 1
SPBP8B7.25 1 201 1 0 0.292498572 14 79432.58 83.61052325 0.0007227 738.4 1 0 0 0 0 0 0 3685838 3686791 1.037614489 475.5666667 0.506544669 II 0 0 1
SPBPB2B2.07c 1 250 1 0 0.022244983 0.021 NA NA 0.0051829 NA 1 0 0 0 0 0 0 NA NA NA NA 0 II 0 0 1
SPBPJ4664.04 0 1207 1 0 0.432273734 12 17759.72 44.04074784 0.0014502 1065.9 1 0 0 0 0 0 0 701799 705817 NA 156.5833333 0.636141032 II 1 0 0
SPCC11E10.05c 0 572 1 0 0.733793995 1.8 1493.55 18.01076987 0.0012739 505.6 1 0 0 0 0 0 0 1460166 1463047 0.996275742 28.755 0.363883712 III 0 0 0
SPCC126.08c 0 312 1 0 0.23855518 5.4 13624.14 32.93843384 0.0018656 779.8 1 0 0 0 0 0 0 2129838 2131089 1.014595489 114.2166667 0.495745813 III 0 0 1
SPCC1281.07c 0 337 1 0 0.781436977 3.6 1405.3 28.90688896 0.0037194 NA 1 0 0 0 0 0 0 1397188 1398780 1.037137204 57.64833333 0.032907087 III 0 0 0
SPCC1281.08 4 264 1 0 0.779923925 0.31 NA 28.11537887 0.0095208 NA 1 0 0 0 0 0 0 1396887 1400821 1.044975828 6.285333333 0.009092163 III 0 0 0
SPCC1322.03 0 862 1 0 0.860736184 1.3 NA 15.78449538 0.0008458 NA 1 0 0 0 0 0 0 1287903 1291811 1.029123338 3.979 0.401346675 III 0 0 0
SPCC1442.17c 3 271 1 0 0.485895106 1.1 NA 23.95157622 0.003757 728 1 0 0 0 0 0 0 1796041 1797445 1.048811754 21.96 0.272105882 III 0 0 0
SPCC1450.06c 0 166 1 0 0.531323739 1.4 3645.63 37.70620722 0.0008742 323.3 1 0 0 0 0 0 0 1735279 1736165 1.067276736 36.13666667 0.270507018 III 0 0 1
SPCC1450.09c 1 623 1 0 0.524588766 0.59 NA 30.55223348 0.0023395 NA 1 0 0 0 0 0 0 1741202 1745250 1.053773511 6.894333333 0.212250224 III 0 0 0
SPCC1620.02 5 368 1 0 0.226156454 0.32 NA 16.80539424 0 NA 1 0 0 0 0 0 0 NA NA NA NA 0 III 0 0 0
SPCC1620.07c 2 334 1 0 0.218937394 1.6 5723.42 13.49433788 0.0034862 NA 1 0 0 0 0 0 0 2155261 2157552 1.070705658 30.41333333 0.128399232 III 0 0 1
SPCC1795.12c 0 112 1 0 0.881184361 2.8 NA 24.12138142 0 NA 1 0 0 0 0 0 0 972787 973891 NA 58.17833333 0.511213439 III 0 0 1
SPCC18.03 0 1077 1 0 0.365863585 2.9 686.43 21.63319961 0.0024376 539 1 0 0 0 0 0 0 1955678 1959359 1.195506571 37.91166667 0.470082969 III 0 1 0
SPCC1827.07c 7 682 1 0 0.045253679 0.59 NA 20.8767797 0.0012824 NA 1 0 0 0 0 0 0 2388317 2391839 1.052077522 9.295333333 0.393196465 III 0 0 1
SPCC1840.08c 0 561 1 0 0.132621509 1.2 1413.19 23.96035879 0.0031171 NA 1 0 0 0 0 0 0 2271753 2273986 1.075447487 16.605 0.255736685 III 0 0 1
SPCC1906.03 5 393 1 0 0.321141439 0.37 NA 14.8237706 0.0017536 NA 1 0 0 0 0 0 0 NA NA NA NA 0 III 0 0 0
SPCC2H8.02 0 583 1 0 0.749950632 1.7 881.47 28.29091736 0.0025012 NA 1 0 0 0 0 0 0 827911 830947 1.102220523 26.59333333 0.690113636 III 0 0 1
SPCC320.08 0 505 1 0 0.136865304 5.6 3467.62 17.04718055 0.0017311 416.7 1 0 0 0 0 0 0 151093 152877 NA 98.30333333 0.645981193 III 0 0 0
SPCC330.07c 0 500 1 0 0.109189332 1.7 1061.4 22.03685199 0.003788 NA 1 0 0 0 0 0 0 120540 122896 1.23252076 22.97833333 0.403484102 III 0 0 0
SPCC338.02 0 125 1 0 0.803321746 NA NA NA 0.0023172 NA 1 0 0 0 0 0 0 1368882 1369259 1.025006906 0.066088333 0 III 0 0 0
SPCC338.18 0 117 1 0 0.823643053 0.17 NA 62.79023928 0.0024743 NA 1 0 0 0 0 0 0 1340628 1341847 1.117576018 2.590333333 0 III 0 0 1
SPCC417.10 0 508 1 0 0.559919017 0.92 NA 27.94947461 NA NA 1 0 0 0 0 0 0 1694169 1697592 NA 12.54866667 0.188062766 III 0 0 1
SPCC4B3.03c 0 679 1 0 0.946849686 10 4143.4 22.07016037 0.0021468 726.7 1 0 0 0 0 0 0 1173236 1175650 1.123945761 233.0666667 0.507162414 III 0 0 0
SPCC4F11.04c 0 345 1 0 0.327699234 0.81 NA 13.89012421 0.0021096 NA 1 0 0 0 0 0 0 2007921 2010840 1.036238566 10.42783333 0.117318386 III 0 0 0
SPCC550.08 0 247 1 0 0.927297137 1.3 NA 22.16106033 0.001766 NA 1 0 0 0 0 0 0 1200168 1202025 1.105092977 30.57833333 0 III 0 0 1
SPCC569.05c 0 576 1 0 0.018450193 1.6 NA 16.58944094 0.0106263 NA 1 0 0 0 0 0 0 2423807 2427995 1.111044006 34.57 0.233744358 III 0 0 1
SPCC569.06 0 478 1 0 0.022666871 2.6 NA 24.66516858 0.0108944 NA 1 0 0 0 0 0 0 2420265 2422307 1.049180424 53.65 0 III 0 0 1
SPCC576.04 0 266 1 0 0.270235869 1.5 NA 16.80234769 0.002187 NA 1 0 0 0 0 0 0 2086697 2088354 1.059824166 24.01666667 0.355800134 III 0 0 0
SPCC613.03 0 189 1 0 0.077111909 3 6858.31 19.57554719 0.002305 609.7 1 0 0 0 0 0 0 85128 88460 1.084837961 53.78 0.607791864 III 0 0 1
SPCC622.11 1 562 1 0 0.76628125 0.94 NA 27.11529473 0.0028523 NA 1 0 0 0 0 0 0 1417100 1419224 0.969788865 16.32333333 0.422902895 III 0 0 0
SPCC736.04c 0 375 1 0 0.286087101 8.2 6014.05 19.61600688 0.0015558 361.9 1 0 0 0 0 0 0 315827 318784 1.105986481 121.4833333 0.441691265 III 0 0 0
SPCC757.11c 0 471 1 0 0.062679242 1.5 NA 18.81062663 0.0040208 NA 1 0 0 0 0 0 0 69195 71282 1.107928157 21.445 0.408720554 III 0 0 0
SPCC777.04 0 521 1 0 0.628745471 0.055 NA NA 0.0030763 NA 1 0 0 0 0 0 0 1602954 1604750 1.059014456 0.605966667 0 III 0 0 1
SPCC790.03 2 251 1 0 0.152446867 1.4 1497.55 27.87955146 0.0017589 NA 1 0 0 0 0 0 0 2245582 2247243 1.012540571 24.16166667 0.215998458 III 1 0 0
SPCC794.11c 0 476 1 0 0.246993987 9 6051.11 42.11231675 0.0024484 677.6 1 0 0 0 0 0 0 272670 274787 0.906129432 149.0833333 0.592155635 III 0 0 0
SPCC825.03c 0 284 1 0 0.930746209 7.6 5903.61 15.04932204 0.0005122 614.3 1 0 0 0 0 0 0 1027501 1029258 NA 134.6333333 0.511800692 III 1 0 0
SPCC965.11c 0 537 1 0 0.107202084 0.58 NA NA 0.0013567 NA 1 0 0 0 0 0 0 2303540 2308275 1.076945744 5.316333333 0.103768322 III 0 0 1
SPCC965.13 0 537 1 0 0.102661445 3.4 5994.87 32.95869399 0.0013567 NA 1 0 0 0 0 0 0 2310096 2314400 1.074699083 53.80666667 0.170741379 III 0 0 1
SPCC970.06 0 302 1 0 0.455568801 4.1 8494.78 18.74381861 0.0014454 NA 1 0 0 0 0 0 0 502927 504777 0.907800714 83.79166667 0.69140999 III 0 0 1
SPCP1E11.06 0 865 1 0 0.035643092 4 8808.53 41.03642768 0.0028658 1359.5 1 0 0 0 0 0 0 2401975 2404803 NA 64.64 0.506298059 III 0 0 0
SPCPB1C11.01 0 497 1 0 0.28257677 10 3012.52 21.87476286 0.0029314 NA 1 0 0 0 0 0 0 2068977 2071707 1.072079894 30.475 0.280289233 III 0 0 0
SPCPJ732.03 3 150 1 0 0.641389043 0.052 NA NA 0.0009668 NA 1 0 0 0 0 0 0 708064 709145 NA 0.161883333 0.605857143 III 0 0 0
