SPAC1071.07c 0 154 1 0 0.946048278 180 57823.85 117.2649561 0 955.4 0 0 0 0 0 0 0 3868310 3869076 0.856320158 4629.166667 0.706886154 I 0 0 0
SPAC144.11 0 152 1 0 0.500089899 59 NA 101.4113103 0.0038166 NA 0 0 0 0 0 0 0 4674587 4675181 1.016821149 1674.5 0.887297872 I 0 0 0
SPAC1556.07 1 257 1 0 0.980397537 14 72535.91 106.4512205 0.003395 769.3 0 0 0 0 0 0 0 3805812 3806987 NA 340.25 0.547997352 I 1 0 0
SPAC15F9.03c 4 123 1 0 0.636514816 12 15833.72 108.1932369 0 NA 0 0 0 1 0 0 0 2400650 2401615 NA 532.25 0.527880618 I 1 0 0
SPAC1687.06c 0 134 1 0 0.241605184 76 97295.52 111.3669344 0.0010814 1044.4 0 0 0 0 0 0 0 911227 911720 1.06778728 2050.333333 0.811058704 I 0 1 0
SPAC17G6.06 1 134 1 0 0.954257582 37 76807.15 108.8508684 0 1123.7 0 0 0 0 0 0 0 3599034 3599783 0.996053897 1221.166667 0.642751582 I 0 1 0
SPAC1805.11c 1 119 1 0 0.740500865 78 15373.57 124.1598309 0.0024331 NA 0 0 0 0 0 0 0 2792839 2793544 1.029843067 2416.5 0.824944867 I 0 1 0
SPAC1805.12c 0 128 1 0 0.740823809 42 NA 106.8933256 0 NA 0 0 0 0 1 0 0 2794057 2794801 1.066461614 1378 0.579878702 I 0 0 0
SPAC1805.13 1 134 1 0 0.74104812 150 83605.91 112.3348702 0.0032441 2135.5 0 0 0 0 0 0 0 2794903 2795753 NA 5949.333333 0.546766182 I 0 0 0
SPAC18G6.14c 0 195 1 0 0.594383111 130 149704.21 102.438979 0.0014896 3208.3 0 0 0 0 0 0 0 2241748 2242554 NA 3878 0.829820548 I 1 0 0
SPAC19B12.04 1 61 1 0 0.380787783 32 22820.28 133.3300666 0.0047092 NA 0 0 0 0 0 0 0 4890186 4890829 0.991390663 1348.333333 0.411230643 I 0 0 0
SPAC19B12.09 2 106 1 0 0.375086787 2.7 8520.21 107.3319062 0 837.9 0 0 0 0 0 0 0 4900282 4901134 1.046115682 95.54666667 0.147226981 I 0 0 0
SPAC1F12.02c 0 168 1 0 0.978675897 98 36920.66 111.4997348 0.0051829 726.6 0 0 0 0 0 0 0 3809345 3810099 NA 2489.5 0.839198718 I 0 0 0
SPAC1F7.13c 0 253 1 0 0.734499018 110 374427.3 106.7833653 0.0017242 NA 0 0 0 0 0 0 0 NA NA NA NA 0.496068342 I 0 1 0
SPAC1F8.05 0 182 1 0 0.025443358 0.14 NA 142.7776669 NA NA 0 0 0 0 0 0 0 95961 96966 1.049797277 2.809833333 0 I 1 0 0
SPAC1F8.07c 1 568 1 0 0.026968989 310 500408.2 101.5255135 0.0137033 867.8 0 0 0 0 0 0 0 101715 103594 NA 5904.166667 0.516853399 I 1 0 0
SPAC20G4.06c 2 137 1 0 0.416598113 28 73661.01 108.505041 0 717.1 0 0 0 0 0 0 0 4825257 4826099 NA 1113.416667 0.552309722 I 1 0 0
SPAC22A12.04c 0 130 1 0 0.308149638 59 NA 112.196156 0 NA 0 0 0 0 0 0 0 1162203 1162901 0.964342794 1431.333333 0.662139498 I 0 0 0
SPAC23A1.08c 0 112 1 0 0.821707378 110 157779.05 127.6835897 0 4041.2 0 0 0 0 0 0 0 4093344 4093832 NA 3902.5 0.895897243 I 1 1 0
SPAC23A1.11 1 197 1 0 0.819333484 110 90460.46 106.2202121 0 NA 0 0 0 0 1 0 0 4097268 4098123 1.112129561 3034.666667 0.846979321 I 0 1 0
SPAC23C11.02c 0 143 1 0 0.566166625 69 NA 111.8630238 0.0040552 NA 0 0 0 0 0 0 0 2135328 2135841 0.80889974 2157.5 1.011528785 I 0 0 0
SPAC23C11.05 0 289 1 0 0.567505861 80 132176.79 111.3512812 0.0010068 839.6 0 0 0 0 0 0 0 2140379 2141698 NA 2069 0.54829698 I 1 0 0
SPAC23C4.11 2 60 1 0 0.277621638 6.8 4127.59 108.1032896 0.0023932 1610.9 0 1 0 0 0 0 0 1047065 1047741 NA 378.8166667 0.104027174 I 0 0 0
SPAC24H6.07 1 191 1 0 0.126036642 72 110579.57 103.9738881 0.0030414 NA 0 0 0 0 0 0 0 475354 476128 0.775219379 2755 0.954747774 I 0 1 0
SPAC25G10.06 1 68 1 0 0.704109751 39 71318.86 174.4715148 0 NA 0 0 0 0 0 0 0 4305949 4306399 0.599288406 1468.833333 0.639184035 I 0 1 0
SPAC26A3.04 0 176 1 0 0.884960947 120 NA 124.6928752 0.0016496 NA 0 0 0 0 1 0 0 3337678 3338408 0.80438012 3155.833333 0.840888889 I 0 1 0
SPAC2C4.16c 0 200 1 0 0.714590621 80 108908.36 103.5938026 0.0007263 NA 0 0 0 0 0 0 0 4286744 4287454 0.658850949 2139.333333 0.895732673 I 0 1 0
SPAC30D11.12 2 74 1 0 0.290798965 26 56237.15 161.1438302 0 2771.5 0 0 0 0 0 0 0 1096764 1097387 1.0466051 1261.166667 0.728880841 I 0 1 0
SPAC31G5.03 0 152 1 0 0.793471869 65 230191.22 113.6159094 0 NA 0 0 0 0 0 0 0 2992622 2993240 0.407904926 1998 0.879041293 I 0 0 0
SPAC31G5.05c 1 228 1 0 0.794047228 10 46805.82 109.0456872 0.00255 767.1 0 0 0 0 0 0 0 2994792 2995933 NA 251.9333333 0.515851528 I 1 0 0
SPAC3A12.10 0 176 1 0 0.38135315 61 238676.41 111.8600722 0.0008342 NA 0 0 0 0 0 0 0 1438294 1439013 0.833390209 1947 0.856824675 I 0 1 0
SPAC3G9.03 1 139 1 0 0.842979578 45 195779.12 117.7250653 0 NA 0 1 0 0 0 1 0 3179343 3180033 0.893315915 1863.166667 0.840996764 I 0 0 0
SPAC3H5.10 0 127 1 0 0.905570489 76 93883.36 120.1529796 0.0034215 NA 0 0 0 0 0 0 0 3415408 3416099 0.229238287 2490.5 0.666370066 I 0 0 0
SPAC4A8.15c 2 127 1 0 0.68379135 15 48285.67 115.6167518 0 669.5 0 0 0 0 0 0 0 2578956 2579514 NA 417.2166667 0.718227626 I 1 0 0
SPAC4F10.20 3 101 1 0 0.389516585 20 103704.74 117.9454247 0.0014312 691.1 0 0 0 0 0 0 0 4874165 4875051 1.054171783 596.7333333 0.256711538 I 0 0 0
SPAC4G9.03 0 220 1 0 0.598118707 24 108655.54 105.9501204 0.0026423 749.3 0 0 0 0 0 0 0 2255837 2256730 NA 614.4 0.758720472 I 1 0 0
SPAC4G9.16c 0 190 1 0 0.605446455 78 33097.43 101.4188049 0.0015286 3242.9 0 0 0 0 0 0 0 2283474 2284257 1.075940004 2619.666667 0.812022663 I 0 0 0
SPAC589.10c 0 150 1 0 0.824116266 83 NA 108.6309972 0 NA 0 0 0 0 1 0 0 NA NA NA NA 0.754682243 I 0 0 0
SPAC607.03c 1 125 1 0 0.541119125 15 101274.37 103.916188 0.0023172 704.5 0 0 0 0 1 0 0 2040860 2041514 NA 706.6666667 0.55688225 I 1 0 0
SPAC644.15 1 109 1 0 0.715988953 43 NA 121.1408955 0 593.4 0 0 0 0 0 0 0 2700391 2701213 0.85102758 1483.5 0.550672316 I 0 1 0
SPAC664.04c 1 140 1 0 0.453519425 45 NA 106.6396742 0.0020707 NA 0 0 0 0 0 0 0 1710473 1711124 0.951843088 1605.333333 0.849808905 I 0 1 0
SPAC664.05 0 208 1 0 0.453695214 200 210858.38 132.9869433 0.0034925 1424.2 0 0 0 0 0 0 0 1711136 1712043 NA 5448.166667 0.794112922 I 1 1 0
SPAC694.05c 2 89 1 0 0.75804709 110 NA 147.9846856 0 826.7 0 0 0 0 0 0 0 4208428 4208903 1.055311745 4736.666667 0.771431604 I 0 1 0
SPAC6F6.07c 3 151 1 0 0.728047908 220 145064.91 120.2263919 0.0009604 1716.4 0 0 0 0 0 0 0 2745872 2746733 NA 7556 0.912915512 I 1 1 0
SPAC6G10.11c 0 150 1 0 0.858504213 120 146158.7 140.5712987 0.0030343 NA 0 0 0 0 0 0 0 NA NA NA NA 0.483641272 I 0 0 0
SPAC6G9.09c 0 149 1 0 0.864740635 51 43784.03 131.1789789 0 NA 0 0 0 0 0 0 0 3261416 3261954 1.040225679 1623.5 0.908696842 I 0 0 0
SPAC806.03c 0 120 1 0 0.062449855 46 13974.4 105.5532749 0.0060325 5059.4 0 0 0 0 0 0 0 235533 236104 1.038375097 1370 0.916729358 I 0 1 0
SPAC823.02 1 43 1 0 0.685076761 8.6 NA 112.21934 0.0066357 NA 0 1 0 0 0 0 0 2583804 2583973 1.044860851 422.2666667 0.465940945 I 0 0 0
SPAC869.06c 0 203 1 0 0.041957779 NA NA 208.9609317 0 NA 0 1 0 0 0 0 0 5502560 5503291 1.103506549 0.210431667 0 I 0 0 0
SPAC869.09 0 116 1 0 0.045190279 0.077 2775.06 217.191991 0 NA 0 0 0 0 0 0 0 5496844 5497448 1.097457144 0.2405 0 I 0 0 0
SPAC890.08 1 113 1 0 0.310060584 72 83275.66 168.951606 0 919.1 0 0 0 0 0 0 0 5018030 5018674 NA 2674.666667 0.777212693 I 1 1 0
SPAC959.08 0 160 1 0 0.901611643 150 39646.57 140.0767655 0.0045431 NA 0 0 0 0 0 0 0 3400477 3401152 0.748735126 3917 0.85553833 I 0 1 0
SPAC9G1.03c 1 109 1 0 0.523253545 62 138909.29 127.7617414 0.0013271 3497 0 0 0 0 0 0 0 1973479 1974092 0.539367324 2321.333333 0.580389189 I 0 1 0
SPAP7G5.05 0 221 1 0 0.992705659 50 86913.59 101.3781789 0 NA 0 0 0 0 0 0 0 NA NA NA NA 0.842693384 I 0 1 0
SPAPB17E12.05 1 89 1 0 0.338173337 61 NA 130.0010819 0 NA 0 0 0 0 0 0 0 1275439 1275999 0.712810019 2620.166667 0.649988304 I 0 1 0
SPAPB17E12.13 1 187 1 0 0.34087461 72 21714.84 106.7670221 0.0023296 NA 0 0 0 0 0 0 0 1285627 1286338 NA 2305.666667 0.827870787 I 0 1 0
SPBC106.18 1 141 1 0 0.254672296 210 111384.98 134.7583044 0.0010281 4567.3 0 0 0 0 0 0 0 413462 414503 NA 4289.333333 0.816436333 II 1 1 0
SPBC1289.05c 4 108 1 0 0.050434832 9.9 37316.17 110.1226699 0 685 0 0 0 0 0 0 0 4391989 4392721 NA 492.3166667 0.449897394 II 1 0 0
SPBC1539.06 1 87 1 0 0.05704904 16 66225 103.2204501 0.0016589 752.7 0 0 0 0 0 0 0 4372710 4373432 0.933804678 673.1 0.370908029 II 0 0 0
SPBC1685.02c 1 148 1 0 0.306983159 100 34187.24 132.9817958 0.0029393 481.5 0 0 0 0 0 0 0 498389 499069 0.929878361 3034 0.89461336 II 0 0 0
SPBC1685.10 2 83 1 0 0.318614776 85 220743.44 163.6955909 0.0017379 1070.2 0 0 0 0 0 0 0 517273 517984 NA 3309.333333 0.807035941 II 0 1 0
SPBC16A3.08c 2 284 1 0 0.087216053 110 83565.38 105.1221609 0.0005122 1242.6 0 0 0 0 0 0 0 4283876 4285456 1.090811357 3194.666667 0.523444825 II 0 1 0
SPBC16C6.11 0 127 1 0 0.064261608 47 28964.06 131.2614022 0.002281 3215.2 0 0 0 0 1 0 0 4351810 4352398 0.433516029 1660 0.777458498 II 0 1 0
SPBC16D10.11c 1 152 1 0 0.315240418 29 155364.24 133.476592 0 NA 0 0 0 0 1 0 0 3619778 3620469 0.993845911 799.2666667 0.121760444 II 0 1 0
SPBC17G9.07 1 134 1 0 0.808670102 110 38349.4 124.1812514 0.0010814 1633.7 0 0 0 0 0 0 0 2180872 2181481 0.466449989 4225.666667 0.835520076 II 0 0 0
SPBC18E5.04 0 221 1 0 0.84266457 130 4320.58 104.7539306 0.0007324 2077.4 0 0 0 0 0 0 0 NA NA NA NA 0.709045036 II 0 1 0
SPBC18H10.13 0 139 1 0 0.941902371 53 NA 109.0991293 0 NA 0 0 0 0 0 0 0 NA NA NA NA 0.776358459 II 0 0 0
SPBC18H10.14 1 140 1 0 0.941278635 100 90216.16 109.6012649 0.0020707 NA 0 0 0 0 0 0 0 1793858 1794755 0.623259917 2751 0.633005472 II 1 0 0
SPBC21C3.13 1 144 1 0 0.247151697 73 63964.71 124.8680162 0.0010068 898.3 0 0 0 0 0 0 0 3818119 3819036 0.294949355 2487.833333 0.610109974 II 0 0 0
SPBC25H2.05 0 173 1 0 0.433516396 58 135200.56 105.3321941 0.002517 756.3 0 0 0 0 0 0 0 3274928 3275541 1.058177998 1669.666667 0.737863085 II 0 1 0
SPBC28F2.03 0 162 1 0 0.970836572 99 243789.77 144.158527 0.0008956 657.1 0 0 0 0 0 0 0 1576159 1577021 1.023703613 2083.833333 0.421724744 II 0 0 0
SPBC29A3.04 1 259 1 0 0.85497504 140 193645.11 106.6779972 0.0005615 NA 0 0 0 0 0 0 0 2045495 2046442 NA 4170.5 0.871442013 II 1 0 0
SPBC29B5.03c 0 126 1 0 0.959761775 75 13612.83 129.4053607 0.0034485 1500.4 0 0 0 0 0 0 0 1558179 1558705 1.087232365 2282.333333 0.89351992 II 0 0 0
SPBC2F12.04 0 187 1 0 0.96209338 63 85500.64 111.575303 0.0007765 2046.2 0 0 0 0 0 0 0 1733330 1734053 0.991242329 1497.333333 0.834532486 II 0 1 0
SPBC2F12.07c 0 253 1 0 0.964314004 38 NA 103.5800559 0.0028737 NA 0 0 0 0 0 0 0 NA NA NA NA 0.838197452 II 0 0 0
SPBC2G2.04c 0 162 1 0 0.376168691 41 104351.21 118.0878552 0.0044781 828.7 0 0 0 0 0 0 0 3442121 3442784 NA 921.2333333 0.53234375 II 1 0 0
SPBC336.10c 0 169 1 0 0.610537743 110 NA 120.8236942 0.000924 723.7 0 0 0 0 0 0 0 2758645 2759294 1.046356528 3142.666667 0.716433931 II 0 0 0
SPBC365.03c 0 160 1 0 0.698140588 110 75416.16 131.8876247 0.0027202 1637.3 0 0 0 0 0 0 0 2503183 2503818 0.447918732 2809.666667 0.858377327 II 0 1 0
SPBC3B9.13c 2 110 1 0 0.181861044 94 9661.39 174.4341782 0.0013152 770 0 0 0 0 0 0 0 4008717 4009443 0.851849278 3647 0.667167388 II 0 1 0
SPBC3E7.07c 5 147 1 0 0.640155773 6.4 14228.82 156.7623146 0.0029592 707.4 0 0 0 0 0 0 0 2671877 2672919 1.068912758 263.1666667 0.522750996 II 0 0 0
SPBC405.07 1 99 1 0 0.475178805 57 63181.48 137.8489245 0 NA 0 0 0 0 0 0 0 3153441 3154041 0.574374261 1767.5 0.674465074 II 0 1 0
SPBC56F2.02 0 193 1 0 0.142646602 57 61480.93 123.7224344 0.0022575 NA 0 0 0 0 0 0 0 4123056 4123804 NA 1926.166667 0.897802557 II 0 1 0
SPBC577.02 2 74 1 0 0.464809493 29 18525.35 173.7453571 0 1059.2 0 0 0 0 0 0 0 754621 755300 0.752638836 1135.6 0.593973995 II 0 1 0
SPBC649.02 1 143 1 0 0.329720987 43 46670.55 108.7795646 0.0020276 218.2 0 0 0 0 0 0 0 535304 536041 1.077342638 1304.5 0.949446581 II 0 0 0
SPBC685.06 1 292 1 0 0.603457534 93 77480.18 109.2134411 0.001993 853.3 0 0 0 0 0 0 0 2778868 2779942 0.867372879 2231.666667 0.834350211 II 0 0 0
SPBC685.07c 1 136 1 0 0.603170869 100 89242.66 114.6237694 0.0021312 5733.2 0 0 0 0 0 0 0 2780053 2780778 0.294159691 3458.333333 0.741354267 II 0 0 0
SPBC776.01 1 61 1 0 0.468781997 61 2507.69 116.9760574 0 1702 0 0 0 0 1 0 0 3172323 3172696 1.043518286 2479.666667 0.781235294 II 0 1 0
SPBC776.03 1 376 1 0 0.466974568 23 98616.71 107.8789189 0.0011617 848.5 0 0 0 0 0 0 0 3176669 3177967 0.891074187 539.6666667 0.700831604 II 0 0 0
SPBC800.04c 1 94 1 0 0.159842957 150 15183.86 153.695775 0 NA 0 0 0 0 0 0 0 259506 260025 0.881376933 5900.666667 0.83894709 II 0 1 0
SPBC83.02c 1 94 1 0 0.932136992 61 20203.72 137.311258 0 NA 0 0 0 0 0 0 0 1513330 1513749 1.062753237 2405.833333 0.810099738 II 0 1 0
SPBC839.05c 1 131 1 0 0.371731303 46 29373.43 115.342851 0.001106 925.3 0 0 0 0 0 0 0 603508 604436 0.941539007 1492.166667 0.786363782 II 0 1 0
SPBC839.13c 1 197 1 0 0.38393637 36 1479.69 102.5127777 0.0007373 NA 0 0 0 0 0 0 0 623323 624091 0.893826824 965.9833333 0.834370423 II 0 1 0
SPBC839.17c 4 112 1 0 0.389094343 11 30946.44 118.1535209 0.0038757 794.9 0 0 0 0 0 0 0 631697 632706 1.073200222 519.6666667 0.70735098 II 0 0 0
SPBP22H7.08 1 147 1 0 0.891867354 64 596956.94 112.5560981 0.0009864 808.5 0 0 0 0 0 0 0 1447952 1448544 0.568792744 1630.666667 0.908426025 II 0 1 0
SPBP4H10.08 4 79 1 0 0.567461899 11 16048.98 120.9186463 0 670.4 0 1 0 0 0 0 0 2884304 2884916 1.073505343 525.7 0.248873874 II 0 0 0
SPBP4H10.13 0 143 1 0 0.563101233 67 70184.55 118.0265226 0.0010138 NA 0 0 0 0 0 0 0 2897046 2897633 0.970607803 1856.833333 0.889159176 II 0 0 0
SPBP8B7.06 1 110 1 0 0.307290613 95 147874.99 143.0123424 0.0013152 729 0 0 0 0 0 0 0 3643177 3643653 1.081412623 3144.5 0 II 0 1 0
SPCC1183.08c 0 216 1 0 0.55418704 90 200647.84 114.8301356 0.0020182 1795.2 0 0 0 0 0 0 0 611797 612630 NA 2484 0.883674541 III 1 1 0
SPCC1259.01c 1 152 1 0 0.935615071 49 NA 143.6687629 0 NA 0 1 0 0 0 0 0 1032876 1033535 0.336725953 1439.5 0.927347687 III 0 0 0
SPCC1322.11 1 139 1 0 0.845484825 70 NA 104.8963305 0.0010428 NA 0 1 0 0 0 1 0 1311578 1312384 NA 2278.833333 0.692439575 III 1 0 0
SPCC1393.03 0 153 1 0 0.723021974 130 51185.38 107.6622886 0 927.2 0 0 0 0 0 0 0 798183 798929 NA 3874 0.879297012 III 0 0 0
SPCC1450.04 1 214 1 0 0.533042139 66 119081.14 102.2109574 0.001358 675.4 0 0 0 0 0 0 0 1732730 1733847 NA 2323.166667 0.625153368 III 1 1 0
SPCC1682.14 0 193 1 0 0.362987045 88 10422.82 105.0666972 0.0007525 NA 0 0 0 0 0 0 0 400721 401447 0.943665281 2411.333333 0.935323752 III 0 1 0
SPCC24B10.09 1 132 1 0 0.831433194 95 69860.61 136.9463555 0.0032929 983.9 0 0 0 0 0 0 0 917864 918404 0.902735559 3646 0.858238806 III 0 1 0
SPCC285.15c 1 68 1 0 0.463624105 48 NA 131.557587 0 NA 0 0 0 0 0 0 0 1826905 1827487 0.893941517 1999.333333 0.675180039 III 0 1 0
SPCC330.14c 0 149 1 0 0.124978034 84 NA 131.7640918 0.0009732 NA 0 0 0 0 0 0 0 137970 138594 1.022378607 2766 0.90098125 III 0 1 0
SPCC576.09 0 118 1 0 0.263813737 180 100375.22 144.6974587 0 790.4 0 0 0 0 0 0 0 2096504 2097017 NA 5238.833333 0.99629385 III 1 1 0
SPCC576.11 0 201 1 0 0.261190915 94 51265.16 104.1826772 0.0007227 NA 0 0 0 0 0 0 0 2099805 2100555 0.196745152 2249 0.951256839 III 0 0 0
SPCC5E4.07 0 148 1 0 0.594742172 110 36481.88 124.3073405 0.0009798 1406.2 0 1 0 0 0 0 0 656568 657206 0.454324956 3187.833333 0.894956023 III 0 0 0
SPCC613.05c 1 122 1 0 0.080461686 98 122472.19 123.5099478 0 1199.9 0 0 0 0 1 0 0 88826 89634 NA 3493.166667 0.936582251 III 1 1 0
SPCC622.18 0 195 1 0 0.752354646 170 84427.26 116.2426196 0.0007448 1300.4 0 0 0 0 0 0 0 1437118 1438010 0.989836537 5217.833333 0.732460819 III 0 0 0
SPCC663.04 1 51 1 0 0.601579475 54 58347.55 188.2637403 0 NA 0 0 0 0 0 0 0 1640803 1641395 0.414461266 1990.833333 0.399102703 III 0 0 0
SPCC965.14c 0 162 1 0 0.101894911 2.3 9873.41 105.8818547 0.0035825 2098 0 0 0 0 0 0 0 2314517 2315434 1.044419982 28.76183333 0.055922481 III 0 0 0
SPCC970.05 1 99 1 0 0.458669474 47 NA 155.70052 0.0014599 NA 0 0 0 0 0 0 0 506350 506920 0.637663939 1705.166667 0.814758315 III 0 1 0
SPCP1E11.09c 1 109 1 0 0.032992841 30 9892.94 123.1983889 0.0013271 735.8 0 0 0 0 0 0 0 2407722 2408378 0.884999662 1076.45 0.700205426 III 0 0 0
SPCP31B10.08c 1 108 1 0 0.489337418 100 30327.64 121.5666265 0.0026786 NA 0 0 0 0 0 0 0 540206 540821 NA 3712.5 0.758727876 III 1 0 0
SPCPB16A4.03c 0 585 1 0 0.858366381 23 91542.42 101.3971039 0.0037368 974.8 0 0 0 0 0 0 0 947597 949685 1.099506057 396.8333333 0.807454186 III 0 1 0
