SPAC1002.02 0 229 1 0 0.477007886 3.8 2564.51 32.34324641 0.0025389 177.6 0 0 0 0 0 0 0 1799061 1800053 1.095875615 88.645 0.378029183 I 0 0 1
SPAC1002.03c 0 923 1 0 0.477234318 7.2 9719.87 47.75721661 0.0041078 959.8 0 0 0 0 0 0 0 1799915 1803141 1.03540769 103.7383333 0.513321722 I 0 0 1
SPAC1002.11 0 581 1 0 0.481629058 0.86 910.25 17.17205704 0.0020067 NA 0 0 0 0 0 0 0 1816490 1818558 NA 12.72833333 0.400851576 I 1 0 1
SPAC1039.02 0 601 1 0 0.070531357 7.7 3723.38 47.06162369 0.0026675 1669.5 0 0 0 0 0 0 0 5448735 5451642 1.013598514 149.8883333 0.36889167 I 0 0 1
SPAC1039.04 0 507 1 0 0.067757481 1.2 NA 18.60899345 0.0054601 NA 0 0 0 0 0 0 0 5454583 5456656 1.08082511 15.13333333 0.15819331 I 0 0 1
SPAC1039.09 0 580 1 0 0.06112264 2.5 1273.62 31.31125292 0.0025127 NA 0 0 0 0 0 0 0 5465377 5468649 1.076320204 17.68833333 0.115569903 I 0 0 1
SPAC1039.11c 0 995 1 0 0.057641741 0.81 NA 22.63150906 0.0026383 NA 0 0 0 0 0 0 0 5471270 5474941 NA 14.09983333 0.520402724 I 0 0 1
SPAC1071.04c 0 167 1 0 0.949130854 0.72 2383.54 23.46624611 0.0017379 1072.5 0 0 0 0 0 0 0 3863001 3863504 0.941182549 13.57166667 0.495450777 I 0 0 1
SPAC10F6.12c 0 236 1 0 0.325885563 1.2 1796.51 42.85463585 0.000616 NA 0 0 0 0 0 0 0 1229095 1230361 0.961354825 35.19333333 0.295202091 I 0 0 1
SPAC1142.05 0 173 1 0 0.963871391 1 NA 36.78543601 0.002517 NA 0 0 0 0 0 0 0 3635293 3636572 NA 44.11666667 0.242679702 I 0 0 1
SPAC11D3.05 0 546 1 0 0.03021301 0.46 NA 14.87463578 0.002402 NA 0 0 0 0 0 0 0 113950 115962 1.138847121 8.674166667 0.482093878 I 0 0 1
SPAC11D3.09 0 394 1 0 0.032396991 0.57 NA 17.86938097 0.0018479 NA 0 0 0 0 0 0 0 122187 124116 1.108017179 6.4565 0 I 0 0 1
SPAC11D3.18c 1 498 1 0 0.0383977 4 2663 20.42266356 0.0017565 NA 0 0 0 0 0 0 0 144819 146935 1.109584025 30.0785 0.529034996 I 0 0 1
SPAC11H11.02c 3 264 1 0 0.442863631 0.45 NA 34.05167666 0.0017356 NA 0 0 0 0 0 0 0 4775517 4778622 1.032889476 11.30466667 0.24398197 I 0 0 1
SPAC1250.02 1 178 1 0 0.264950522 0.093 NA NA 0.0049025 NA 0 0 0 0 0 0 0 5099293 5100214 1.052906743 0.605733333 0.048720893 I 0 0 1
SPAC12B10.02c 0 235 1 0 0.554405091 3.9 4442.57 51.07649499 0.0018557 852.4 0 0 0 0 0 0 0 4576187 4577002 0.791601633 106.2683333 0.460399437 I 1 0 1
SPAC12B10.11 0 570 1 0 0.5452409 0.96 NA 24.34536351 0.0020453 NA 0 0 0 0 0 0 0 4591855 4593567 1.086750348 16.51333333 0.588521127 I 0 0 1
SPAC12B10.16c 1 509 1 0 0.539757875 2.3 7633.44 32.68736561 0.0028625 526.7 0 0 0 0 0 0 0 4601278 4603478 1.060381096 48.02666667 0.462074384 I 0 0 1
SPAC12G12.06c 0 363 1 0 0.08916961 3.2 11881.02 35.07952791 0.0024064 NA 0 0 0 0 0 0 0 336308 338157 NA 86.14833333 0.554986222 I 1 0 1
SPAC13A11.02c 0 495 1 0 0.152364781 23 31313.1 44.87315009 0.001766 688.3 0 0 0 0 0 0 0 574652 577171 NA 195.4666667 0.563005435 I 1 0 1
SPAC13C5.03 2 543 1 0 0.113308732 0.16 NA 22.99912232 0.004562 NA 1 0 0 0 0 0 0 427350 430121 1.071762634 4.114833333 0.144329258 I 0 0 1
SPAC13C5.06c 1 177 1 0 0.115098975 0.48 NA 16.29690475 0.0016042 NA 1 0 0 0 0 0 0 434102 435179 1.034713622 15.83833333 0 I 0 0 1
SPAC13G6.03 0 758 1 0 0.046635949 2.5 273.09 31.02455399 0.0028851 669.3 0 0 0 0 0 0 0 175890 180028 1.014194857 34.26833333 0.538694605 I 0 0 1
SPAC13G6.10c 0 530 1 0 0.050888308 73 27973.88 45.22687222 0.004187 300.3 1 0 0 0 0 0 0 191928 194053 1.006288528 1004.5 0.557329515 I 0 0 1
SPAC13G6.12c 1 859 1 0 0.05195206 0.36 NA 19.21701753 0.0042438 NA 0 0 0 0 0 0 0 195940 199051 1.054532955 5.052833333 0.539016762 I 0 0 1
SPAC13G7.05 0 537 1 0 0.611189976 1.2 783.87 19.80903752 0.0013567 NA 0 0 0 0 0 0 0 2305136 2307359 0.950219639 19.97666667 0.376656057 I 0 0 1
SPAC14C4.05c 0 844 1 0 0.18850905 1.7 502.16 27.7349025 0.0040212 NA 0 0 0 0 0 0 0 5235156 5238388 1.008281713 27.70166667 0.141398328 I 0 0 1
SPAC14C4.10c 1 329 1 0 0.183423795 0.79 NA 24.08281274 0.0044238 NA 1 0 0 0 0 0 0 5245900 5247580 1.073007505 11.28366667 0.346674603 I 0 0 1
SPAC1527.01 0 2397 1 0 0.66185655 1.4 NA 22.91716996 0.00347 NA 0 0 0 0 0 0 0 4375301 4382775 1.030547532 12.43833333 0.352596932 I 0 0 1
SPAC167.01 1 1072 1 0 0.413459015 1.2 NA 26.98434904 0.002449 NA 0 0 0 0 0 0 0 1559383 1562894 1.023580237 18.25333333 0.442330283 I 0 0 1
SPAC1687.02 1 271 1 0 0.239695892 0.94 NA 29.23537504 0.0010734 NA 0 0 0 0 0 0 0 904026 906347 NA 22.22666667 0.534317829 I 1 0 1
SPAC1687.08 0 96 1 0 0.242427392 1 NA 23.92225494 0.0094864 NA 0 0 0 0 0 0 0 914328 914618 1.124185661 21.96166667 0.100848797 I 0 0 1
SPAC1687.16c 0 300 1 0 0.247225679 4.5 NA 47.09372125 0.002425 NA 1 0 0 0 0 0 0 932425 934021 1.045120732 75.14 0.428998736 I 0 0 1
SPAC1687.17c 3 190 1 0 0.247892778 2.3 976.29 44.66225369 0.0043191 NA 0 0 0 0 0 0 0 934941 936081 1.065909789 63.59166667 0.374031551 I 0 0 1
SPAC16E8.02 3 222 1 0 0.929069026 0.46 NA 20.23340651 0.0052371 NA 0 0 0 0 0 0 0 3504034 3506896 NA 11.81 0.402770173 I 1 0 1
SPAC16E8.07c 2 831 1 0 0.930738629 6.9 14259.79 39.76302923 0.0030791 1001.6 0 0 0 0 0 0 0 3510331 3513032 NA 127.5166667 0.650759073 I 1 0 1
SPAC1782.02c 1 161 1 0 0.452480362 2.1 NA 53.17657572 0.0027034 NA 0 0 0 0 0 0 0 4760053 4761239 1.033493291 60.185 0.286754852 I 0 0 1
SPAC1782.12c 3 118 1 0 0.444663276 2.2 2523.01 66.93601024 0.0012268 NA 0 0 0 0 0 0 0 4773459 4775369 NA 70.77166667 0.406857143 I 0 0 1
SPAC1783.02c 3 300 1 0 0.580491225 1.6 2408.17 51.99163511 0.004093 NA 1 0 0 0 0 0 0 2189354 2190953 0.937967023 33.26333333 0.417243946 I 0 0 1
SPAC1786.02 0 644 1 0 0.804397339 16 7449.96 34.20037405 0.002716 194.3 0 0 0 0 0 0 0 3033828 3037249 1.0346562 245.0666667 0.274089324 I 0 0 1
SPAC1786.03 1 601 1 0 0.805421055 1.8 7182.47 28.31405375 0.004365 NA 0 0 0 0 0 0 0 3037689 3039659 NA 25.73333333 0.472066809 I 1 0 1
SPAC17A2.02c 0 290 1 0 0.941863752 8.5 14364.67 36.83780084 0.0005017 NA 0 0 0 0 0 0 0 3552290 3554138 1.002711258 163.9333333 0.312308143 I 0 0 1
SPAC17A5.04c 1 512 1 0 0.465975033 1.4 NA 23.54906931 0.0031303 NA 0 0 0 0 0 0 0 1757450 1759202 0.815367307 27.76833333 0.531989837 I 0 0 1
SPAC17A5.08 1 210 1 0 0.468605779 9.3 NA 45.26161891 0.0020756 1105.3 1 0 0 0 0 0 0 1767372 1768645 0.880388939 239.55 0.331878943 I 0 0 1
SPAC17C9.07 0 501 1 0 0.603529915 3 392.14 29.86851873 0.0023265 NA 0 0 0 0 0 0 0 4486144 4488205 1.039875028 46.41833333 0.548264854 I 0 0 1
SPAC17C9.16c 1 531 1 0 0.610976892 2 NA 32.48113247 0.0024697 NA 0 0 0 0 0 0 0 4472472 4474744 1.08909844 37.62833333 0.242123962 I 0 0 1
SPAC17D4.03c 0 732 1 0 0.470089551 1.6 1336.14 24.59527479 0.0044258 902.9 0 0 0 0 0 0 0 4726782 4729409 0.955205988 30.26833333 0.439391214 I 0 0 1
SPAC17G6.07c 0 222 1 0 0.95446837 3 895.88 55.97121649 0.0019639 343.3 0 0 0 0 0 0 0 3599829 3601047 NA 65.38166667 0.304388018 I 1 0 1
SPAC17G6.09 0 273 1 0 0.955586212 6 10128.21 30.2216958 0.0021312 NA 0 0 0 0 0 0 0 3604045 3605545 NA 108.4216667 0.342808709 I 1 0 1
SPAC17G6.11c 0 636 1 0 0.95647444 5 2813.76 23.76244109 0.0013751 457.5 0 0 0 0 0 0 0 3607395 3611122 NA 31.055 0.358476418 I 1 0 1
SPAC17G8.08c 1 287 1 0 0.624484761 5.6 24208.4 57.52220519 0.0036453 NA 1 0 0 0 0 0 0 2355278 2356601 1.012129666 146.65 0.32454477 I 0 0 1
SPAC17G8.11c 1 356 1 0 0.62578237 1.7 1847.77 24.22291054 0.0020446 NA 1 0 0 0 0 0 0 2360172 2362268 0.783897382 14.67166667 0.261109032 I 0 0 1
SPAC1834.05 0 577 1 0 0.483735427 2.1 3189.79 33.59768462 0.0025257 1484.9 0 0 0 0 0 0 0 4702256 4704743 0.932350371 43.88 0.418769074 I 0 0 1
SPAC1851.02 1 279 1 0 0.596079065 7.1 10509.29 69.02458484 0.0031283 1066.8 0 0 0 0 0 0 0 4500526 4501673 0.91333969 198.9333333 0.44532 I 0 0 1
SPAC186.05c 0 262 1 0 0.020818454 0.032 NA 31.25174509 0 NA 0 0 0 0 0 0 0 5540032 5541502 1.076427856 19.06073333 0.285703091 I 0 0 1
SPAC18B11.05 2 464 1 0 0.08170054 1.3 NA 25.62310875 0.0013675 NA 0 0 0 0 0 0 0 308138 310034 NA 25.03166667 0.505152531 I 1 0 1
SPAC1952.01 1 408 1 0 0.337050276 1.4 NA 32.26258578 0.0007139 NA 0 0 0 0 0 0 0 4967939 4969888 NA 16.53666667 0.383005495 I 1 0 1
SPAC19A8.09 3 81 1 0 0.65431411 1.1 NA NA 0.0035606 NA 0 0 0 0 0 0 0 2467781 2468393 NA 43.31333333 0.428938776 I 1 0 1
SPAC19D5.02c 0 223 1 0 0.20626761 1.6 NA 39.64685838 0.0052138 658.8 0 0 0 0 0 0 0 5205155 5206288 1.061156142 41.72166667 0.08794469 I 0 0 1
SPAC19G12.08 1 347 1 0 0.841079698 15 19929.07 46.85963474 0.002517 221.8 0 0 0 0 0 0 0 4056794 4058815 1.061240791 200.6166667 0.3557834 I 0 0 1
SPAC19G12.16c 0 670 1 0 0.82873501 20 NA 30.13254602 0.0029242 NA 0 0 0 0 0 0 0 NA NA NA NA 0.061921875 I 0 0 1
SPAC1A6.09c 1 390 1 0 0.28832757 5.1 3170.49 25.5123617 0.0007467 NA 0 0 0 0 0 0 0 1087443 1089673 0.975549409 94.02666667 0.295724457 I 0 0 1
SPAC1B2.03c 1 334 1 0 0.745121242 36 16802.95 38.93367923 0.0017431 NA 0 0 0 0 0 0 0 2810265 2812517 NA 122.365 0.315949715 I 1 0 1
SPAC1B3.14 4 161 1 0 0.344913279 16 3900.03 89.61094388 0 NA 0 0 0 0 0 0 0 4954542 4955675 NA 508.4833333 0.443002904 I 1 0 1
SPAC1D4.05c 1 387 1 0 0.170917081 1.4 719.67 28.65639284 0.001505 NA 0 0 0 0 0 0 0 644623 648097 1.038544341 27.18666667 0.448588895 I 0 0 1
SPAC1F12.09 2 554 1 0 0.972907408 1.1 2992.26 29.35143127 0.0010521 483.4 0 0 0 0 0 0 0 3818668 3820526 NA 23.95166667 0.400263938 I 1 0 1
SPAC1F5.02 0 492 1 0 0.0774161 13 20331.89 53.75133176 0.002665 802.1 0 0 0 0 0 0 0 291979 293771 NA 324.5833333 0.590730114 I 1 0 1
SPAC1F5.06 0 848 1 0 0.073353583 9.2 8902.44 45.39608786 0.0020634 805.4 0 0 0 0 0 0 0 276657 281347 NA 144.9166667 0.530802028 I 1 0 1
SPAC1F7.03 0 710 1 0 0.750413122 4.7 NA 23.91790151 0.0020532 NA 0 0 0 0 0 0 0 4219677 4222702 NA 61.05333333 0.412565693 I 1 0 1
SPAC1F7.07c 0 397 1 0 0.743742321 5.3 4872.54 34.71135981 0.0047684 NA 1 0 0 0 0 0 0 4232998 4234760 0.959847097 50.44333333 0.479314194 I 0 0 1
SPAC1F7.08 0 622 1 0 0.742019574 6.1 7818.37 38.72324171 0.0018746 NA 0 0 0 0 0 0 0 4235080 4237874 1.052172498 18.45766667 0.458698389 I 0 0 1
SPAC1F8.02c 0 226 1 0 0.0226872 0.023 NA NA NA NA 0 0 0 0 0 0 0 85566 86324 1.071754128 0.113151667 0 I 0 0 1
SPAC1F8.06 0 385 1 0 0.026480066 1.1 NA 22.31922097 0.0213496 NA 1 0 0 0 0 0 0 99871 101431 0.98399928 22.2 0.207729801 I 0 0 1
SPAC20G8.03 0 557 1 0 0.369504984 8.9 3404.98 42.42212491 0.0005232 NA 0 0 0 0 0 0 0 1393608 1395820 NA 188.5666667 0.419688931 I 1 0 1
SPAC20G8.04c 0 632 1 0 0.370078222 8.7 37684.33 44.01269591 0.001845 846.3 0 0 0 0 0 0 0 1395770 1398272 1.125720439 123.7866667 0.106838936 I 0 0 1
SPAC20G8.07c 0 219 1 0 0.373879308 3.9 4918.24 62.53265269 0.0013271 3065.5 0 0 0 0 0 0 0 1410106 1411256 1.058478369 88.47166667 0.458227405 I 0 0 1
SPAC20H4.02 0 250 1 0 0.56046155 3 NA 33.07526011 0.0023265 NA 0 0 0 0 0 0 0 2113811 2114930 NA 57.78 0.43927217 I 0 0 1
SPAC212.04c 1 288 1 0 0.005669016 0.28 NA 21.46403134 0.0065858 NA 0 0 0 0 0 0 0 NA NA NA NA 0 I 0 0 1
SPAC212.08c 0 278 1 0 0.003124442 0.25 NA NA 0 NA 0 0 0 0 0 0 0 NA NA NA NA 0 I 0 0 1
SPAC21E11.08 0 603 1 0 0.727585904 8.7 17468.94 37.27181014 0.0007251 1060.1 0 0 0 0 0 0 0 4261533 4263964 NA 163.4666667 0.432164476 I 1 0 1
SPAC227.03c 0 371 1 0 0.133254621 0.82 1894.44 20.09675422 0.002747 NA 0 0 0 0 0 0 0 502577 504324 1.155245429 15.82 0.466570978 I 0 0 1
SPAC227.06 0 249 1 0 0.134300079 5.4 4674 37.75669754 0.0011679 NA 0 0 0 0 0 0 0 506520 507605 1.035057463 125.8833333 0.463395418 I 0 0 1
SPAC22A12.13 0 195 1 0 0.312917169 1.3 NA 37.89574395 0.0012098 NA 0 0 0 0 0 0 0 1180184 1181157 NA 27.52166667 0.553197674 I 1 0 1
SPAC22A12.15c 0 663 1 0 0.313582412 41 123452.29 21.02662575 0.0013191 766.2 1 0 0 0 0 0 0 1182693 1185497 NA 765.6166667 0.280557359 I 1 0 1
SPAC23A1.05 0 101 1 0 0.823947944 4.2 NA 30.73705474 0.0014312 NA 0 0 0 0 0 0 0 4088693 4089782 NA 103.2866667 0.184645131 I 1 0 1
SPAC23C11.01 4 441 1 0 0.565603197 1.4 NA 23.68784518 0.0003303 NA 0 0 0 0 0 0 0 2133203 2136010 1.11434436 29.02 0.603838028 I 0 0 1
SPAC23C11.13c 1 206 1 0 0.571481676 5.4 21117.38 50.59034072 0.0014105 700.3 0 0 0 0 0 0 0 2155374 2156694 1.070354629 157.1166667 0.365091406 I 0 0 1
SPAC23C4.13 2 117 1 0 0.278841295 2.6 NA 20.97012151 0.0037115 432.6 1 0 0 0 0 0 0 1051665 1052724 NA 89.21333333 0.023972789 I 1 0 1
SPAC23C4.14 3 424 1 0 0.279162117 2.6 5091.91 39.47458946 0.0024045 715.4 0 0 0 0 0 0 0 1052875 1054468 NA 55.705 0.475615741 I 1 0 1
SPAC23C4.16c 0 424 1 0 0.279950652 1.9 609.16 27.91770904 0.0017175 473 0 0 0 0 0 0 0 1055849 1057578 1.116554098 41.72 0.50856947 I 0 0 1
SPAC23D3.11 0 296 1 0 0.673963351 1 3648.73 48.90357346 0.0034407 4550.3 1 0 0 0 0 0 0 4357920 4360891 1.060498995 24.44333333 0.162810588 I 0 0 1
SPAC23D3.14c 3 581 1 0 0.666165075 0.6 NA 33.43371112 0.0017558 NA 0 0 0 0 0 0 0 4373039 4374987 NA 10.14433333 0.297225652 I 0 0 1
SPAC23G3.05c 0 343 1 0 0.23177714 1.1 3846.62 21.4035739 0.0008488 351.4 0 0 0 0 0 0 0 874160 875763 1.061833953 17.31 0.307919576 I 0 0 1
SPAC23H3.11c 0 629 1 0 0.666278409 0.74 NA 16.37425274 0.0020855 NA 0 0 0 0 0 0 0 2512905 2514941 1.067156897 15.81 0.587416869 I 0 0 1
SPAC23H4.03c 1 216 1 0 0.425263963 12 6020.05 48.97850431 0.0040365 697.8 0 0 0 0 0 0 0 1603906 1605116 NA 331.75 0.437184133 I 1 0 1
SPAC23H4.07c 1 227 1 0 0.422940517 2.1 6395.11 66.15223689 0.0019209 999.9 0 0 0 0 0 0 0 1595143 1596024 NA 64.325 0.414185034 I 1 0 1
SPAC23H4.13c 1 184 1 0 0.420518439 1.1 NA 35.59135377 0.0007891 NA 1 0 0 0 0 0 0 1586008 1587570 NA 28.365 0.160083921 I 0 0 1
SPAC24B11.08c 0 390 1 0 0.056134421 2.8 1920.25 34.05492961 0.0026135 411.2 0 0 0 0 0 0 0 211714 213591 0.97228513 50.83333333 0.616072417 I 0 0 1
SPAC24B11.12c 1 1402 1 0 0.059413176 3.9 1298.24 26.28580176 0.0014567 1435.8 0 0 0 0 0 0 0 224080 229307 0.890300063 36.41333333 0.430779416 I 0 0 1
SPAC24H6.11c 0 958 1 0 0.123058029 3 1539.35 31.48998138 0.0024399 1452 1 0 0 0 0 0 0 464120 468581 1.114558953 33.21166667 0.403892445 I 0 0 1
SPAC25B8.01 0 166 1 0 0.787137381 1.3 1729.93 54.34491186 0.0061191 948.9 0 0 0 0 0 0 0 4155465 4156320 1.037365188 29.07833333 0.375191624 I 0 0 1
SPAC25B8.04c 0 378 1 0 0.783813598 2.7 7980.32 35.68646494 0.0023111 841.2 0 0 0 0 0 0 0 4160598 4162328 NA 54.21 0.412032668 I 0 0 1
SPAC25B8.17 0 295 1 0 0.767685396 2.8 919.99 34.86139289 0.002466 NA 1 0 0 0 0 0 0 4190288 4191481 0.832964284 58.685 0.482549754 I 0 0 1
SPAC25H1.07 0 885 1 0 0.671794438 4.7 8512.17 50.70369397 0.002142 750.5 0 0 0 0 0 0 0 2533709 2536655 0.954708664 77.32166667 0.423994444 I 0 0 1
SPAC25H1.09 0 513 1 0 0.67295921 0.058 NA NA 0.0028402 NA 0 0 0 0 0 0 0 2538102 2540081 1.054381382 0.477033333 0.329570625 I 0 0 1
SPAC26A3.01 0 533 1 0 0.883598909 12 3672.56 40.85220693 0.002187 NA 0 0 0 0 0 0 0 3332541 3334714 0.98660875 276.1 0.346434713 I 0 0 1
SPAC26F1.08c 1 977 1 0 0.226050978 0.83 NA 19.1643243 0.0074635 NA 0 0 0 0 0 0 0 5167038 5170528 1.100726309 14.32333333 0.411749796 I 0 0 1
SPAC27F1.07 0 450 1 0 0.690656951 11 16572.33 43.55629378 0.0029132 956.2 0 0 0 0 0 0 0 4328945 4330716 NA 190.4666667 0.394669577 I 1 0 1
SPAC27F1.08 0 521 1 0 0.689301546 2.4 2164.83 21.29889212 0.002517 NA 0 0 0 0 0 0 0 4330993 4333166 1.124157653 45.69833333 0.560866434 I 0 0 1
SPAC29A4.19c 3 1096 1 0 0.257863142 0.97 126.19 33.14103714 0.00173 NA 0 0 0 0 0 0 0 5106559 5113025 1.081894657 14.255 0.35675026 I 0 0 1
SPAC29B12.10c 0 851 1 0 0.079789044 8.1 3967.21 17.17028825 NA 647 0 0 0 0 0 0 0 5431575 5434908 1.081143067 57.12 0.372567411 I 0 0 1
SPAC2C4.05 1 134 1 0 0.725309378 9.4 39104.58 50.59301186 0.0010814 NA 0 0 0 0 0 0 0 4267059 4268079 0.989363658 284.0333333 0.327859067 I 0 0 1
SPAC2C4.13 0 199 1 0 0.716216553 1.6 NA 34.03094249 0.0014599 NA 0 0 0 0 0 0 0 4281426 4284515 NA 50.36833333 0.35943958 I 1 0 1
SPAC2E1P5.01c 0 521 1 0 0.880983807 2.7 1244.05 21.42936569 0.0027967 NA 0 0 0 0 0 0 0 3322678 3324881 1.068631172 45.06 0.438534123 I 0 0 1
SPAC2E1P5.03 0 303 1 0 0.882084679 3.2 2552.09 44.91554005 0.0043219 928.6 0 0 0 0 0 0 0 3326830 3329028 1.081913249 90.23833333 0.497724645 I 0 0 1
SPAC2F3.07c 0 101 1 0 0.909116559 NA NA NA 0.0073483 NA 0 0 0 0 0 0 0 3935528 3935833 0.146804056 0 0.028480392 I 0 0 1
SPAC2F3.18c 2 85 1 0 0.90517095 5.5 NA 76.75042814 0.004515 NA 0 0 0 0 0 1 0 3942040 3942965 1.045272121 221.2166667 0.281484677 I 0 0 1
SPAC30C2.05 3 137 1 0 0.519103176 1.9 4671.83 43.54759645 0.0021157 NA 0 0 0 0 0 0 0 4639678 4640813 0.873402994 54.44833333 0.419517832 I 0 0 1
SPAC30D11.11 0 442 1 0 0.290980588 4.7 6067.7 22.32188235 0.0009886 328.5 1 0 0 0 0 0 0 1097449 1099554 1.052376027 53.78666667 0.409369553 I 0 0 1
SPAC31A2.13c 1 91 1 0 0.109834037 1.2 2377.47 55.60056572 0 651.8 1 0 0 0 0 0 0 414245 414930 0.089739806 37.55666667 0.291251553 I 0 0 1
SPAC31G5.02 2 232 1 0 0.792989839 5.9 1892.6 35.51664869 0.0037593 477.6 0 0 0 0 0 0 0 2990804 2992231 NA 122.48 0.326801964 I 1 0 1
SPAC31G5.16c 1 236 1 0 0.79924323 8.2 25597.96 63.0454447 0 923.4 0 0 0 0 0 0 0 3014389 3018849 NA 233.5666667 0.527705388 I 1 0 1
SPAC343.12 0 402 1 0 0.442170787 9.9 9038.69 36.83718 0.0025357 NA 0 0 0 0 0 0 0 1667671 1669666 1.048942084 190.9 0.456069665 I 0 0 1
SPAC3A11.04 3 249 1 0 0.918102193 0.49 NA 31.99940372 0.0036958 NA 0 0 0 0 0 0 0 3462672 3466357 1.116595664 8.465 0.113419562 I 0 0 1
SPAC3A11.05c 2 607 1 0 0.917998788 1.3 NA 19.46598801 0.0055225 NA 0 0 0 0 0 0 0 3462282 3465427 0.980270494 26.29333333 0.074002514 I 0 0 1
SPAC3A12.06c 0 743 1 0 0.379180306 2.1 NA 21.35936851 0.001766 NA 0 0 0 0 0 0 0 1430099 1432875 1.089516732 35.57333333 0.434906141 I 0 0 1
SPAC3C7.11c 1 560 1 0 0.553191867 37 96592.87 61.9275213 0.0020818 759.8 0 0 0 0 0 0 0 2086393 2088632 NA 742.7166667 0.502004564 I 1 0 1
SPAC3F10.07c 0 172 1 0 0.750000133 3.6 NA 18.1168027 0.0033754 NA 0 0 0 0 0 0 0 2828666 2829184 NA 21.265 0.582014989 I 0 0 1
SPAC3H1.05 1 474 1 0 0.513920522 4.1 23461.64 47.58660635 0.0033807 NA 0 0 0 0 0 0 0 1938279 1940537 1.114647504 90.80833333 0.391630487 I 0 0 1
SPAC3H1.06c 0 589 1 0 0.514491374 7.2 NA 19.65656078 0.0045176 NA 0 0 0 0 0 0 0 NA NA NA NA 0.290496071 I 0 0 1
SPAC3H1.09c 3 656 1 0 0.516115373 3.7 2630.12 27.91402291 0.0035552 772.1 0 0 0 0 0 0 0 1946557 1949256 1.050646799 50.40666667 0.545141271 I 0 0 1
SPAC3H1.13 3 344 1 0 0.521027407 0.58 3408.95 42.0130964 0.0016926 630.5 1 0 0 0 0 0 0 1965083 1966458 1.089194026 16.95333333 0.44486087 I 0 0 1
SPAC4D7.07c 0 601 1 0 0.118970181 1 NA 19.41236341 0.0034007 NA 0 0 0 0 0 0 0 5361612 5364085 1.081842122 23.26666667 0 I 0 0 1
SPAC4D7.11 2 281 1 0 0.113591716 1.5 NA 26.6900794 0.0010354 NA 0 0 0 0 0 0 0 5372018 5373807 0.902042738 28.47 0.27154927 I 0 0 1
SPAC4F10.10c 0 337 1 0 0.402357518 4.2 10048.58 22.48997422 0.0008638 614.4 1 0 0 0 0 0 0 4849746 4851840 NA 94.94166667 0.291435653 I 1 0 1
SPAC4F10.16c 1 1367 1 0 0.392372892 1.1 NA 19.68709151 0.0033081 NA 0 0 0 0 0 0 0 4863739 4869888 0.963757844 14.475 0.270683597 I 0 0 1
SPAC4G8.02c 2 70 1 0 0.200574882 6.7 NA NA 0 1008.2 0 0 0 0 0 0 0 756479 757153 NA 263.4333333 0.45069009 I 1 0 1
SPAC4G8.12c 5 533 1 0 0.207824679 1.1 NA 26.47048227 0.0016423 NA 0 0 0 0 0 0 0 783822 786724 NA 21.43666667 0.184998801 I 1 0 1
SPAC4G9.15 2 341 1 0 0.605107603 4 8101.08 88.15526412 0.0017074 NA 0 0 0 0 0 0 0 2282196 2283537 NA 99.175 0.58303581 I 0 0 1
SPAC521.04c 0 881 1 0 0.224316555 1.8 1704.33 26.66427434 0.0034758 NA 0 0 0 0 0 0 0 846022 849480 1.12641007 27.9 0.440599884 I 0 0 1
SPAC56E4.05 1 192 1 0 0.332839991 2.2 NA 41.98376667 0.001518 NA 0 0 0 0 0 0 0 1255324 1256414 NA 50.085 0.330476374 I 1 0 1
SPAC56E4.07 0 235 1 0 0.333111762 2.8 7868.38 56.62603741 0.0018557 683.1 1 0 0 0 0 0 0 1256349 1260334 1.017527771 68.57 0.311539315 I 0 0 1
SPAC56F8.06c 1 445 1 0 0.301254072 0.76 NA 28.91794933 0.0039279 NA 0 0 0 0 0 0 0 1136196 1138046 1.134581358 9.692166667 0.404950858 I 0 0 1
SPAC56F8.07 0 183 1 0 0.30188246 0.81 1500.33 40.88787615 0 NA 0 0 0 0 0 0 0 1138566 1139117 NA 15.73833333 0.524893939 I 1 0 1
SPAC56F8.11 2 185 1 0 0.303669257 2.2 5409.34 49.4435625 0.0039243 1042.3 0 0 0 0 0 0 0 1145305 1146800 NA 63.705 0.286412607 I 1 0 1
SPAC56F8.15 0 176 1 0 0.305293521 1.5 NA 35.58763203 0.0052241 NA 0 0 0 0 0 0 0 1151431 1153638 NA 10.66133333 0.098741118 I 0 0 1
SPAC57A10.08c 2 364 1 0 0.365492579 0.43 323.14 31.20525777 0.0040216 NA 0 0 0 0 0 0 0 1378475 1379898 1.050737238 9.003333333 0.172073333 I 0 0 1
SPAC57A7.05 0 1337 1 0 0.406822228 0.46 NA 23.80325379 0.0019639 NA 0 0 0 0 0 0 0 1534352 1541786 1.104176168 4.218333333 0.290365047 I 0 0 1
SPAC57A7.08 0 515 1 0 0.405022704 4.1 4802.98 25.73671614 0.0002829 502.9 0 0 0 0 0 0 0 1527565 1529862 1.19373849 69.16666667 0.338473242 I 0 0 1
SPAC589.06c 1 202 1 0 0.822676276 14 21245.2 57.74444186 0 1230.8 0 0 0 0 0 0 0 3102768 3103904 NA 441.0666667 0.417184074 I 0 0 1
SPAC589.12 1 971 1 0 0.824647082 5.3 5076.65 40.9175498 0.0021027 761.3 0 0 0 0 0 0 0 3110201 3113396 1.067834795 86.61333333 0.587980993 I 0 0 1
SPAC5D6.04 3 452 1 0 0.399063092 3.5 2942.76 17.46407345 0.0019336 NA 0 0 0 0 0 0 0 1505088 1507648 1.109337216 42.03 0.362497391 I 0 0 1
SPAC5D6.06c 1 210 1 0 0.398412697 0.56 NA 45.40402876 0.0013837 NA 0 0 0 0 0 0 0 1502635 1503758 0.965027714 18.55666667 0.360288889 I 0 0 1
SPAC5D6.09c 0 304 1 0 0.396459921 1.6 7449.96 19.9627619 0.0028718 NA 1 0 0 0 0 0 0 1495270 1498669 1.051660867 10.6895 0.186543259 I 0 0 1
SPAC5H10.11 0 329 1 0 0.043634534 0.1 NA 24.79215631 0.0053086 NA 1 0 0 0 0 0 0 164570 166335 1.059607493 2.14235 0.416322508 I 0 0 1
SPAC607.09c 0 396 1 0 0.543665025 1.1 515.85 13.91122375 0.0014709 NA 0 0 0 0 0 0 0 2050462 2051731 1.037145513 12.0515 0.545328383 I 0 0 1
SPAC630.08c 0 300 1 0 0.095355389 41 17421.75 46.24798911 0.00194 484.2 0 0 0 0 0 0 0 359638 361266 NA 678.1 0.536492987 I 1 0 1
SPAC630.12 0 422 1 0 0.097583118 2.9 6562.08 29.32021456 0.0017256 756.4 0 0 0 0 0 0 0 368040 369950 NA 50.25666667 0.344631004 I 1 0 1
SPAC644.13c 0 225 1 0 0.714534115 1.4 8605.79 27.89098697 0.0025838 NA 0 0 0 0 0 0 0 2694904 2698172 1.026736067 32.715 0.599387107 I 0 0 1
SPAC664.09 0 630 1 0 0.455759085 2 1983.76 21.98001523 0.0023136 826.2 0 0 0 0 0 0 0 1718920 1721701 NA 22.645 0.368608381 I 1 0 1
SPAC688.04c 0 242 1 0 0.826088928 2.8 20920.75 33.99506696 0.000646 962.2 0 0 0 0 0 0 0 3115639 3116928 1.063813388 66.345 0.274831954 I 0 0 1
SPAC688.12c 0 167 1 0 0.83219649 5.4 3758.44 66.02646036 0.0017379 NA 0 0 0 0 0 0 0 3138674 3139779 1.056598043 108.7333333 0.224555089 I 0 0 1
SPAC6B12.08 1 380 1 0 0.643171754 0.97 NA 27.4379772 0.0019158 449.1 0 0 0 0 0 0 0 2425757 2427967 0.898769163 15.55 0.307195179 I 0 0 1
SPAC6F12.03c 0 247 1 0 0.348194935 1.5 NA 31.45904564 0.0011773 303.8 0 0 0 0 0 0 0 1313236 1314511 0.857361461 30.955 0.156921131 I 0 0 1
SPAC6F6.01 0 1854 1 0 0.722776341 1.3 NA 25.37468031 0.0003935 NA 0 0 0 0 0 0 0 2725990 2732444 0.983072768 9.886333333 0.507650433 I 0 0 1
SPAC6F6.06c 0 1155 1 0 0.726756398 1 NA 26.20409033 0.0021468 NA 0 0 0 0 0 0 0 2741001 2745312 1.060179294 13.10666667 0.157809069 I 0 0 1
SPAC6G10.03c 0 428 1 0 0.853364687 2.5 1863.01 20.26316561 0.0047641 159.7 1 0 0 0 0 0 0 3218511 3220729 1.04283059 34.015 0.390394 I 0 0 1
SPAC6G10.09 1 808 1 0 0.857360123 11 18886.8 73.7548279 0.0030677 844 0 0 0 0 0 0 0 3233580 3237281 NA 171.8833333 0.524610029 I 1 0 1
SPAC6G9.11 1 121 1 0 0.866343422 15 6299.85 48.09495969 0.0023932 605.1 1 0 0 0 0 0 0 3267461 3269670 NA 349.6 0.234473858 I 1 0 1
SPAC732.01 5 162 1 0 0.545535077 4.1 3623.56 56.34419177 0.0026979 NA 0 0 0 0 0 0 0 2057515 2058739 NA 163.95 0.396006993 I 1 0 1
SPAC7D4.06c 0 406 1 0 0.696375022 1.5 623.24 35.60195325 0.0014347 NA 0 0 0 0 0 0 0 2626416 2628282 0.81824866 23.22 0.461256015 I 0 0 1
SPAC7D4.09c 1 274 1 0 0.695299603 0.45 NA 27.56650507 0.0021234 NA 0 0 0 0 0 0 0 2622360 2623585 NA 13.01333333 0.022350829 I 1 0 1
SPAC7D4.12c 0 759 1 0 0.693281602 1.1 NA 15.21523631 0.0015367 NA 0 0 0 0 0 0 0 2614749 2617595 1.070234976 12.37666667 0.457077019 I 0 0 1
SPAC7D4.15c 0 32 1 0 0.695718529 8.4 NA 36.00750084 0 NA 0 0 0 0 0 0 0 2623940 2624038 NA 222.6666667 0 I 1 0 1
SPAC824.02 0 1142 1 0 0.446659653 1.3 2213.44 23.3857664 0.0019158 NA 1 0 0 0 0 0 0 1684601 1688865 0.781789608 14.54666667 0.442269539 I 0 0 1
SPAC824.08 0 556 1 0 0.450160862 2.4 3053.63 32.68837848 0.0023588 363.8 1 0 0 0 0 0 0 1697806 1700162 1.033687817 19.37 0.428924109 I 0 0 1
SPAC869.07c 0 436 1 0 0.043094659 0.069 NA NA 0.0003341 NA 0 0 0 0 0 0 0 5499768 5501236 1.059575137 0.306516667 0.579337249 I 0 0 1
SPAC869.10c 0 552 1 0 0.046458274 7.9 391.94 21.53418454 0.0015839 NA 1 0 0 0 0 0 0 5492902 5495156 1.099252623 75.00666667 0 I 0 0 1
SPAC8F11.06 0 297 1 0 0.758992182 1.3 NA 25.83747729 0.004409 NA 0 0 0 0 0 0 0 2862580 2863845 NA 22.02 0.30783118 I 1 0 1
SPAC8F11.08c 2 376 1 0 0.759884652 3.2 5374.93 49.32844951 0.0015489 NA 0 0 0 0 0 0 0 2865946 2867810 1.042207491 75.515 0.348890435 I 0 0 1
SPAC9.08c 0 282 1 0 0.391585803 2.4 1407.14 20.42961865 0.0010317 NA 0 0 0 0 0 0 0 1476887 1478399 1.142003827 51.975 0.377352162 I 0 0 1
SPAC9.10 0 591 1 0 0.392782657 14 12025.06 16.7679461 0.003699 NA 0 0 0 0 0 0 0 1481401 1484752 1.080361515 76.63433333 0.297287933 I 0 0 1
SPAC959.05c 1 632 1 0 0.900216993 0.5 NA 22.6651463 0.003614 NA 0 0 0 0 0 0 0 3395217 3397638 1.032062442 8.876333333 0.279172802 I 0 0 1
SPAC977.05c 0 204 1 0 0.009483624 0.025 NA NA 0 NA 0 0 0 0 0 0 0 NA NA NA NA 0.436234568 I 0 0 1
SPAC977.09c 1 673 1 0 0.012163421 1.1 NA NA 0 NA 0 0 0 0 0 0 0 NA NA NA NA 0.407794253 I 0 0 1
SPAC977.11 0 311 1 0 0.014598492 2.4 NA NA 0 NA 0 0 0 0 0 0 0 NA NA NA NA 0.583983368 I 0 0 1
SPAC9E9.12c 0 1427 1 0 0.614873817 1.5 NA 28.13911859 0.0044981 NA 0 0 0 0 0 0 0 4462940 4467700 1.082225567 14.075 0.461410559 I 0 0 1
SPACUNK4.07c 0 1211 1 0 0.768378233 6.6 9724.12 53.07886273 0.0039749 2766.7 0 0 0 0 0 0 0 2897980 2901970 1.034062445 92.98166667 0.615306059 I 0 0 1
SPAP14E8.05c 0 101 1 0 0.511142887 3.9 NA 87.60628663 0.0014312 NA 0 0 0 0 0 0 0 1927803 1928465 1.075548971 80.325 0.312856712 I 0 0 1
SPAP8A3.03 0 453 1 0 0.143620279 1.6 4237.46 36.14715619 0.002894 962 0 0 0 0 0 0 0 5317857 5319528 1.080947195 36.43333333 0.349494624 I 0 0 1
SPAPB15E9.02c 0 188 1 0 0.876882283 1.8 NA 21.62380904 0.005034 NA 0 0 0 0 0 0 0 3991830 3994099 NA 0.685466667 0 I 0 0 1
SPAPB17E12.11 4 309 1 0 0.340199292 7.4 17305.21 51.75752697 0.0032964 1664.3 0 0 0 0 0 0 0 1283080 1284482 NA 183.6666667 0.393063604 I 1 0 1
SPAPB18E9.05c 0 90 1 0 0.880853894 52 NA 44.67394259 0.0016042 NA 0 0 0 0 0 0 0 3986648 3986920 NA 621.7166667 0 I 0 0 1
SPAPB1E7.08c 0 554 1 0 0.877727854 1.2 NA 22.16809388 0.0036825 NA 0 0 0 0 0 0 0 3310398 3312882 1.020761061 20.055 0.035081201 I 0 0 1
SPAPB1E7.09 0 739 1 0 0.878503662 6 22317.77 39.4513383 0.0021701 1176.3 0 0 0 0 0 0 0 3313324 3315900 NA 98.08166667 0.484572632 I 1 0 1
SPAPB24D3.07c 0 300 1 0 0.78424941 2.1 NA 45.93448148 0.00291 728.9 0 0 0 0 0 0 0 2957839 2959192 1.050507178 97.93166667 0 I 0 0 1
SPAPB2B4.01c 3 248 1 0 0.717413565 0.63 3107.81 34.48434528 0 NA 0 0 0 0 0 0 0 2705764 2707435 NA 14.12333333 0.341441349 I 1 0 1
SPAPB8E5.03 0 438 1 0 0.367868292 12 10215.48 29.15006594 0.004323 NA 0 0 0 0 0 0 0 4912237 4914182 1.117003764 211.8833333 0.359519937 I 0 0 1
SPAPB8E5.08 0 103 1 0 0.362497019 NA NA NA 0.0015586 NA 0 0 0 0 0 0 0 4923495 4923891 1.036459292 0.409768333 0.110376033 I 0 0 1
SPAPJ760.03c 0 166 1 0 0.172907519 22 NA 35.33882285 0.0069933 NA 0 0 0 0 0 0 0 5265435 5266589 0.952738328 484.8666667 0.009527027 I 0 0 1
SPAPYUK71.03c 0 1225 1 0 0.769429789 5.4 8579.33 25.94965308 0.0021433 605.7 0 0 0 0 0 0 0 2901946 2907275 1.073848342 80.59666667 0.455921176 I 0 0 1
SPBC1105.13c 0 142 1 0 0.345343309 0.2 NA 38.04434513 0.003077 NA 0 0 0 0 0 0 0 3531243 3532680 NA 2.762666667 0.178639273 II 0 0 1
SPBC119.09c 0 186 1 0 0.451463068 4 1681.8 19.46821264 0.0007807 1084.1 0 0 0 0 0 0 0 732953 734825 NA 74.49166667 0.287538937 II 1 0 1
SPBC119.16c 0 448 1 0 0.459481517 1.2 199.26 24.72737738 0.0029262 1865.9 1 0 0 0 0 0 0 745971 750738 1.044637069 20.91833333 0.477475513 II 0 0 1
SPBC1198.06c 0 466 1 0 0.112420281 3.4 1247.98 19.32022852 0.003126 NA 0 0 0 0 0 0 0 182515 184651 1.024839058 56.20666667 0.441661175 II 0 0 1
SPBC1198.07c 1 442 1 0 0.113698995 1.1 455.67 15.66236198 0.0031611 377.6 0 0 0 0 0 0 0 184591 186786 1.07517679 13.15416667 0.43757953 II 0 0 1
SPBC11B10.07c 2 371 1 0 0.921415751 2.6 141.84 26.09233467 0.0019622 NA 0 0 0 0 0 0 0 1495924 1497640 1.141926199 64.26166667 0.419981982 II 0 0 1
SPBC11C11.05 0 284 1 0 0.404881806 3.8 NA 19.33632584 0.0020489 NA 1 0 0 0 0 0 0 3357764 3359048 NA 47.91833333 0.304220339 II 1 0 1
SPBC1271.02 1 752 1 0 0.226940338 8.8 3672.42 55.75577239 0.0025203 1409.8 0 0 0 0 0 0 0 368439 370940 NA 155.8666667 0.746746808 II 1 0 1
SPBC1271.08c 0 140 1 0 0.219266205 1.2 NA 29.81414974 NA NA 0 0 0 0 0 0 0 355980 358079 1.063172969 35.27333333 0.5795 II 0 0 1
SPBC1289.13c 0 375 1 0 0.044601409 2.5 2214.43 18.54039202 0.0023296 337 1 0 0 0 0 0 0 4407285 4409733 1.142232043 57.60833333 0.231184974 II 0 0 1
SPBC1347.13c 3 301 1 0 0.155406272 1.3 NA 45.19460981 0.0004834 845.1 0 0 0 0 0 0 0 4085349 4086593 1.043868516 33.15166667 0 II 0 0 1
SPBC1348.02 0 344 1 0 0.004701553 0.15 NA NA 0 NA 0 0 0 0 0 0 0 NA NA NA NA 0.5465625 II 0 0 1
SPBC1348.08c 0 416 1 0 0.013619291 0.038 NA NA 0 NA 0 0 0 0 0 0 0 NA NA NA NA 0.220162222 II 0 0 1
SPBC1348.14c 0 518 1 0 0.023722733 0.012 NA NA 0.0153405 NA 0 0 0 0 0 0 0 38514 40277 1.029882744 0.2187 0.44340846 II 0 0 1
SPBC13A2.03 2 439 1 0 0.388915673 6 10301 35.35752176 0.0009954 NA 0 0 0 0 0 0 0 3403501 3405610 NA 117.0416667 0.489916755 II 1 0 1
SPBC13E7.05 1 815 1 0 0.510681693 0.77 NA 26.81939815 0.0025098 NA 0 0 0 0 0 0 0 3047866 3050504 NA 12.786 0.502582729 II 1 0 1
SPBC13G1.05 3 649 1 0 0.275288396 1.1 100 24.86265082 0.0033898 NA 1 0 0 0 0 0 0 3734388 3736981 NA 12.811 0.454741765 II 1 0 1
SPBC13G1.07 0 356 1 0 0.274617683 1.2 NA 32.86328234 0.0020446 NA 1 0 0 0 0 0 0 3737558 3738937 NA 26.55166667 0.399444615 II 1 0 1
SPBC14C8.05c 0 450 1 0 0.797692485 0.049 NA NA 0.0035606 NA 1 0 0 0 0 0 0 2211798 2213495 1.12687431 0.352566667 0.523675092 II 0 0 1
SPBC14F5.07 3 1242 1 0 0.126150688 3 5596.82 28.54698589 0.0022387 592.6 0 0 0 0 0 0 0 4167478 4171911 1.145736757 38.10166667 0.433723149 II 0 0 1
SPBC1539.04 1 279 1 0 0.058288968 9.3 6577.81 39.63412879 0.0005214 NA 1 0 0 0 0 0 0 4368286 4369816 1.072192318 169.5166667 0.343448696 II 0 0 1
SPBC15D4.04 0 446 1 0 0.52114393 1.6 3377.63 33.30369761 0.0019595 NA 0 0 0 0 0 0 0 3018106 3019993 NA 28.59666667 0.533783313 II 1 0 1
SPBC1604.03c 0 330 1 0 0.209753941 1.5 4569.08 41.34656631 0.0022052 963.4 0 0 0 0 0 0 0 3926957 3928099 0.964028775 31.98833333 0.342095847 II 0 0 1
SPBC1604.15 0 545 1 0 0.217814503 2.2 NA 25.70706228 0.0032085 NA 0 0 0 0 0 0 0 3900976 3904592 NA 32.80333333 0.377827458 II 1 0 1
SPBC1652.02 0 594 1 0 0.096131122 3.7 9299.37 25.21404068 0.0036824 NA 0 0 0 0 0 0 0 4256055 4259457 NA 44.83333333 0.15342218 II 0 0 1
SPBC1677.02 1 90 1 0 0.207191789 4 NA NA 0 NA 0 0 0 0 0 0 0 3934519 3935571 NA 141.0333333 0.243863041 II 1 0 1
SPBC1683.01 0 573 1 0 0.081522951 3.7 NA 19.77400005 0.005651 NA 0 0 0 0 0 0 0 NA NA NA NA 0.684456508 II 0 0 1
SPBC1683.03c 0 519 1 0 0.085184779 3.3 NA 30.02309246 0.0053444 NA 0 0 0 0 0 0 0 138298 140377 1.036287121 68.80833333 0 II 0 0 1
SPBC1683.09c 0 564 1 0 0.09877204 0.38 NA 23.36214546 0.0038757 NA 0 0 0 0 0 0 0 160357 162497 1.00554958 9.254166667 0.291565217 II 0 0 1
SPBC1683.10c 0 242 1 0 0.100728916 8.4 2089.82 17.91003143 0.0024031 980.4 0 0 0 0 0 0 0 163534 165317 1.041265788 145.5166667 0.567045521 II 0 0 1
SPBC1683.12 0 482 1 0 0.102749235 2.2 224.5 22.68984481 0.0015112 NA 0 0 0 0 0 0 0 166814 170140 1.089739899 20.24933333 0.53465669 II 0 0 1
SPBC1685.03 2 189 1 0 0.307470992 3 1635.99 46.84363421 0.002305 744.2 0 0 0 0 0 0 0 499181 500762 NA 74.085 0.619271277 II 1 0 1
SPBC16A3.02c 0 347 1 0 0.082615014 4 12448.21 25.27909056 0.003356 759.9 1 0 0 0 0 0 0 4296979 4298874 1.125908711 106.9783333 0.289729315 II 0 0 1
SPBC16A3.10 0 509 1 0 0.088443979 1.6 539.92 36.93803475 0.0037236 NA 0 0 0 0 0 0 0 4279804 4281875 1.06430606 25.67166667 0.420352349 II 0 0 1
SPBC16A3.13 0 774 1 0 0.090916292 0.088 NA NA 0.0045837 NA 0 0 0 0 0 0 0 NA NA NA NA 0.239478714 II 0 0 1
SPBC16C6.09 0 778 1 0 0.065333515 5.4 4315.05 40.40395338 0.004685 781.8 0 0 0 0 0 0 0 4346578 4349272 0.962249736 52.25166667 0.461774551 II 0 0 1
SPBC16D10.06 0 408 1 0 0.319059986 12 13974.4 31.35708278 0.0017847 276.7 0 0 0 0 0 0 0 3607199 3609330 NA 248.9183333 0.367094527 II 0 0 1
SPBC16E9.09c 3 215 1 0 0.894378078 6.8 4612.29 53.97281686 0.0027034 865.2 1 0 0 0 0 0 0 1930400 1931531 0.927393346 201.2166667 0.45276794 II 0 0 1
SPBC16G5.05c 2 383 1 0 0.108765291 19 91369.09 67.37494372 0.0030414 822.7 0 0 0 0 0 0 0 4220587 4222612 1.108263538 405.8833333 0.25812944 II 0 0 1
SPBC16G5.06 0 230 1 0 0.107815456 2.4 NA 24.14297081 0.0025279 NA 0 0 0 0 0 0 0 4222736 4225382 1.07738667 39.905 0.370747963 II 0 0 1
SPBC16G5.18 0 424 1 0 0.098882556 3.4 521.67 45.77571323 0.0037784 NA 0 0 0 0 0 0 0 4250030 4251433 NA 71.11666667 0.551374909 II 1 0 1
SPBC16H5.09c 3 372 1 0 0.773533089 1.6 2348.38 36.19656321 0.0031938 NA 0 0 0 0 0 0 0 2282391 2283951 NA 40.93166667 0.246565531 II 0 0 1
SPBC16H5.14c 2 286 1 0 0.778212309 1.2 1359.54 40.42301966 0.0066126 NA 0 0 0 0 0 0 0 2268073 2270305 1.007208181 23.1 0.377019185 II 0 0 1
SPBC1709.03 2 428 1 0 0.6789245 3.6 1483.83 48.18133326 0.0007318 NA 0 0 0 0 0 0 0 1102238 1103802 NA 87.65666667 0.463349636 II 0 0 1
SPBC1718.04 1 675 1 0 0.363967948 3.1 1980.73 29.1817675 0.0017276 527.3 0 0 0 0 0 0 0 3475561 3478365 NA 67.54833333 0.491490297 II 1 0 1
SPBC1734.04 0 430 1 0 0.657088425 7 6426.29 28.46701252 0.0006774 567 1 0 0 0 0 0 0 1066787 1069768 0.191879569 137.4 0.428331557 II 0 0 1
SPBC1734.09 0 316 1 0 0.662808145 0.86 1097.85 20.36585085 0.0027631 NA 0 0 0 0 0 0 0 1076073 1079446 1.0542321 13.89666667 0.354096834 II 0 0 1
SPBC1734.12c 2 546 1 0 0.667269477 1.8 7047.07 28.85531114 0.0021351 515.3 0 0 0 0 0 0 0 1083316 1085370 0.970967215 42.05 0.418544918 II 0 0 1
SPBC1773.11c 0 396 1 0 0.187196721 3.7 NA 20.93683081 0.0029418 682.2 0 0 0 0 0 0 0 303915 306704 NA 75.29166667 0.549991979 II 1 0 1
SPBC17A3.05c 2 403 1 0 0.868962603 3.7 11098.71 21.23801384 0.0021681 645.4 0 0 0 0 0 0 0 1410766 1412747 0.46249002 64.46666667 0.370192737 II 0 0 1
SPBC17A3.10 1 306 1 0 0.873840318 0.51 NA 29.69149943 0.0014266 NA 0 0 0 0 0 0 0 1418685 1420225 0.979095189 12.385 0.139248175 II 0 0 1
SPBC18A7.01 0 451 1 0 0.620317265 3.5 1022.01 43.43343389 0.0029068 NA 1 0 0 0 0 0 0 2729195 2730774 1.156033826 50.38333333 0.079924528 II 0 0 1
SPBC18A7.02c 2 457 1 0 0.619758337 1.7 NA 31.15440249 0.00255 NA 0 0 0 0 0 0 0 2729015 2732404 1.092447261 35.82833333 0.367590533 II 0 0 1
SPBC18E5.02c 3 509 1 0 0.843793741 4.5 16262.98 36.33389597 0.0014312 829.5 0 0 0 0 0 0 0 2076986 2079050 NA 113.5333333 0.42546236 II 1 0 1
SPBC18H10.02 1 676 1 0 0.948865651 19 33181.56 30.42444584 0.0019407 1152.7 0 0 0 0 0 0 0 1769946 1772629 0.822600038 298.0333333 0.427563687 II 0 0 1
SPBC1921.06c 0 378 1 0 0.727380741 2.2 4104.63 16.06845795 0.0019259 455.8 1 0 0 0 0 0 0 2416908 2418545 0.903838624 35.76 0.44182737 II 0 0 1
SPBC19C2.15c 2 208 1 0 0.972418457 4.3 4218.9 67.04384156 0.001397 NA 0 0 0 0 0 0 0 1702937 1703942 NA 144.8166667 0.453246857 II 1 0 1
SPBC19C7.12c 0 390 1 0 0.580275061 3 5535.02 27.96248741 0.0014935 297 1 0 0 0 0 0 0 2842901 2847549 1.034693226 67.59666667 0.208101169 II 0 0 1
SPBC19F5.03 0 598 1 0 0.284906069 3.2 7943.64 38.13403145 0.0021934 3560.2 0 0 0 0 0 0 0 3706643 3708933 NA 58.23833333 0.430295031 II 1 0 1
SPBC1E8.02 1 603 1 0 0.884313949 4.2 1709 29.60557354 0.0029004 369.4 0 0 0 0 0 0 0 1957656 1960881 1.081241598 60.13666667 0.130008247 II 0 0 1
SPBC1E8.03c 0 477 1 0 0.883749535 2.1 NA 23.40964043 0.0012216 NA 0 0 0 0 0 0 0 1960005 1962527 NA 30.74166667 0.005213225 II 0 0 1
SPBC20F10.06 2 203 1 0 0.42677703 0.84 NA 25.99987916 0.0007156 390.8 0 0 0 0 0 0 0 3294063 3295195 1.013587231 23.22333333 0.457090481 II 0 0 1
SPBC21.05c 0 611 1 0 0.451738814 1.2 468.59 18.95658557 0.0019083 717.3 0 0 0 0 0 0 0 3219942 3222399 0.831266753 21.86833333 0.480242565 II 0 0 1
SPBC215.13 0 534 1 0 0.165134359 5.1 NA 28.9987202 0.0041843 NA 0 0 0 0 0 0 0 4056051 4058223 1.066416952 57.225 0.203719611 II 0 0 1
SPBC21B10.04c 0 122 1 0 0.985730196 12 36283.67 42.63410035 0.0023737 948.1 0 0 0 0 0 0 0 1664541 1665121 1.130670172 440.0666667 0.533615929 II 0 0 1
SPBC21B10.11 1 72 1 0 0.990689566 0.47 NA 35.10058284 0 NA 0 0 0 0 0 0 0 1649990 1650658 NA 16.92 0.399941889 II 1 0 1
SPBC23G7.06c 1 778 1 0 0.833533816 2 119.54 27.23323195 0.006559 NA 0 0 0 0 0 0 0 2106331 2108971 0.983391201 42.075 0.153792505 II 0 0 1
SPBC25B2.03 1 554 1 0 0.663564217 5.1 9038.44 17.78206942 0.0018413 372.1 1 0 0 0 0 0 0 2601773 2604653 1.093741227 77.55166667 0.344080189 II 0 0 1
SPBC25H2.14 5 235 1 0 0.441841334 0.51 NA 26.24967104 0.0006626 NA 0 0 0 0 0 0 0 3250199 3251263 1.045670538 15.64333333 0.529472803 II 0 0 1
SPBC27.01c 0 132 1 0 0.961700172 12 16753.95 31.98789312 0 1111.6 0 0 0 0 0 0 0 1561326 1562123 NA 232.95 0.330193421 II 1 0 1
SPBC27B12.01c 2 313 1 0 0.813660067 0.66 NA 18.61096949 0.0021198 NA 0 0 0 0 0 0 0 1320982 1323310 NA 12.94666667 0.502517489 II 1 0 1
SPBC27B12.03c 0 329 1 0 0.815637885 7.6 343.06 43.16373962 0.0026543 334.7 1 0 0 0 0 0 0 1324193 1325832 1.073808571 92.79166667 0.411370174 II 0 0 1
SPBC27B12.06 0 918 1 0 0.819826351 1.7 238.79 33.09811457 0.0027005 NA 0 0 0 0 0 0 0 1330993 1334064 NA 26.01333333 0.513143179 II 1 0 1
SPBC27B12.10c 3 52 1 0 0.827531281 16 5286.53 16.12868061 0.0087591 595.3 0 0 0 0 0 0 0 1343502 1344272 0.462822623 599.55 0.148481469 II 0 0 1
SPBC28F2.08c 0 713 1 0 0.974320391 5.8 1039.54 30.98214049 0.0014312 553.2 0 0 0 0 0 0 0 1581815 1584320 1.035915749 87.72166667 0.475799591 II 0 0 1
SPBC29A10.01 0 678 1 0 0.687244582 5.9 9350.54 39.48566048 0.00172 886 0 0 0 0 0 0 0 2533001 2535594 0.81756908 138.6 0.506594373 II 0 0 1
SPBC29A10.08 0 459 1 0 0.680408175 24 7361.27 64.26669232 0.0019042 284.1 0 0 0 0 0 0 0 2554009 2555531 1.106388825 560.2666667 0.369540973 II 0 0 1
SPBC29A10.16c 2 124 1 0 0.673320079 10 43408.48 56.22516393 0 746.3 0 0 0 0 0 0 0 2574663 2576202 0.894376894 369.4833333 0.213505155 II 0 0 1
SPBC29A3.21 0 100 1 0 0.858077604 4.7 NA NA 0 NA 0 0 0 0 0 0 0 2037092 2037394 1.313820883 140.3333333 0.044743191 II 0 0 1
SPBC29B5.02c 0 785 1 0 0.954904386 2.9 NA 31.2086179 0.0018573 NA 0 0 0 0 0 0 0 1550293 1553467 1.062244884 20.32333333 0.395754854 II 0 0 1
SPBC2A9.05c 1 219 1 0 0.542671565 2.3 NA 30.26362747 0.0006636 NA 1 0 0 0 0 0 0 2955430 2957212 1.135565285 57.32 0.25073913 II 0 0 1
SPBC2A9.06c 1 258 1 0 0.542212078 2.9 3294.26 38.88665869 0.0011273 666.7 0 0 0 0 0 0 0 2957510 2958552 0.870268693 71.225 0.493460526 II 1 0 1
SPBC2F12.15c 1 329 1 0 0.971874959 1.1 NA 19.81324188 0.0017695 NA 1 0 0 0 0 0 0 1704264 1705527 0.901987933 24.85166667 0.462735849 II 0 0 1
SPBC2G2.03c 3 102 1 0 0.376543138 14 NA 97.67622455 0 1156 0 0 0 0 0 0 0 3441058 3441692 1.060110238 546.9166667 0.566390782 II 0 0 1
SPBC2G5.01 0 374 1 0 0.672748807 9 8939.21 46.91016219 0.0019465 1352.3 0 0 0 0 0 0 0 2576500 2577868 1.09089752 191.4 0.52644974 II 0 0 1
SPBC2G5.04c 0 333 1 0 0.670543271 2.4 NA 26.32755863 0.0026225 NA 1 0 0 0 0 0 0 2582992 2584300 1.075852574 41.71666667 0.433144314 II 0 0 1
SPBC30D10.09c 2 217 1 0 0.499076569 0.94 1144.3 31.17368405 0.002009 NA 0 0 0 0 0 0 0 3083317 3084348 1.053013887 21.52833333 0.347631256 II 0 0 1
SPBC30D10.11 0 653 1 0 0.502141414 1.1 NA 27.91371791 0.002009 NA 0 0 0 0 0 0 0 3072909 3075410 NA 21.205 0.536855914 II 1 0 1
SPBC31E1.02c 0 899 1 0 0.147728435 4.9 3414.34 29.78548346 0.0011354 NA 0 0 0 0 0 0 0 239838 243731 0.979542523 32.37833333 0.489980035 II 0 0 1
SPBC31E1.04 1 263 1 0 0.151196854 1.6 1592.42 23.06242782 0.0004591 420.9 0 0 0 0 0 0 0 245469 247128 NA 43.10833333 0.599756694 II 1 0 1
SPBC31F10.06c 2 190 1 0 0.266749146 14 63870.94 60.45485708 0.0007643 837.3 0 0 0 0 0 0 0 3760610 3761884 NA 480.8166667 0.342559041 II 1 0 1
SPBC32F12.01c 1 424 1 0 0.601342867 2.4 4728.16 37.30788156 0.0017175 251.5 0 0 0 0 0 0 0 2783948 2786109 0.8029243 41.32666667 0.46866341 II 1 0 1
SPBC32H8.03 0 299 1 0 0.897783562 5.5 14106.57 47.35244065 0.0009732 2639.7 0 0 0 0 0 0 0 1457557 1458849 1.041659764 85.495 0.450047133 II 0 0 1
SPBC337.07c 4 497 1 0 0.641888604 3.4 3239.71 47.03320901 0.0020534 905.7 0 0 0 0 0 0 0 1042110 1044142 1.117835008 79.92333333 0.373458258 II 0 0 1
SPBC337.09 2 136 1 0 0.6450472 6 12224.28 66.20006417 0.0010656 1142.7 0 0 0 0 0 0 0 1047238 1048402 NA 187.7666667 0.242789778 II 0 0 1
SPBC337.16 1 221 1 0 0.651889799 5.2 2487.66 71.12152296 0.0013152 NA 0 0 0 0 0 0 0 1058347 1059126 1.096840835 146.2383333 0.585697523 II 0 0 1
SPBC342.03 0 456 1 0 0.113873479 3.2 NA 41.5560786 0.0015972 NA 0 0 0 0 0 0 0 4206247 4207715 1.099883682 57.86666667 0.353804064 II 0 0 1
SPBC354.02c 5 479 1 0 0.335539875 6.9 8070.96 56.55087762 0.0036496 NA 1 0 0 0 0 0 0 544751 547039 NA 153.0333333 0.601557798 II 1 0 1
SPBC354.07c 4 397 1 0 0.343594049 7.2 22805.25 32.76504182 0.0021753 807.9 0 0 0 0 0 0 0 557827 560416 1.066685254 169.5333333 0.554091129 II 0 0 1
SPBC354.09c 0 794 1 0 0.348070164 2.1 NA 17.16389579 0.0027544 NA 0 0 0 0 0 0 0 565094 568419 1.0691331 29.37333333 0.506118343 II 0 0 1
SPBC36.02c 0 577 1 0 0.515494245 0.26 NA 18.39107871 0.0025257 NA 0 0 0 0 0 0 0 836908 841625 NA 4.3435 0.16918204 II 0 0 1
SPBC36.03c 0 538 1 0 0.519257089 10 1914 20.15479358 0.0021668 NA 0 0 0 0 0 0 0 843017 845684 1.009146889 95.35666667 0 II 0 0 1
SPBC365.08c 2 224 1 0 0.695847612 1.4 NA 41.2976908 0 NA 0 0 0 0 0 0 0 2509332 2510505 1.011455318 29.15666667 0.021776549 II 0 0 1
SPBC365.12c 0 684 1 0 0.693005996 1.5 3502.53 20.40346091 0.0008525 309.2 0 0 0 0 0 0 0 2516125 2518792 1.051596568 20.15166667 0.371488675 II 0 0 1
SPBC36B7.03 2 611 1 0 0.737386234 5.7 7325.97 29.18646501 0.0021468 728.8 0 0 0 0 0 0 0 2387070 2389366 1.06175992 90.57333333 0.501497067 II 0 0 1
SPBC36B7.07 1 225 1 0 0.735272596 1.1 3510.36 30.65319825 0.0019379 427.9 1 0 0 0 0 0 0 2393535 2395530 NA 27.97166667 0.523129137 II 1 0 1
SPBC3B8.04c 3 867 1 0 0.393949452 4.6 447.88 26.67466668 0.0021864 580 0 0 0 0 0 0 0 3387584 3390930 0.999213396 55.51833333 0.540942262 II 0 0 1
SPBC3B8.06 1 511 1 0 0.395735621 3.8 2054.86 24.51058019 0.0028513 NA 0 0 0 0 0 0 0 3383266 3385721 1.039845361 56.565 0.062909091 II 0 0 1
SPBC3B8.07c 0 362 1 0 0.396621676 3.8 NA 37.75399733 0.0032173 NA 0 0 0 0 0 0 0 3380787 3383137 0.963324381 83.82333333 0.326641999 II 0 0 1
SPBC3B8.10c 0 476 1 0 0.399222576 1.3 NA 17.20718464 0.0024484 NA 0 0 0 0 0 0 0 3373276 3375552 0.847994285 15.16833333 0.32879549 II 0 0 1
SPBC3B9.15c 1 1086 1 0 0.179859534 2.6 NA 20.91525364 0.0017459 NA 0 0 0 0 0 0 0 4011148 4015280 1.147207382 41.71166667 0.427651491 II 0 0 1
SPBC3D6.05 2 218 1 0 0.787126749 6.1 1943.04 46.41613427 0 NA 0 0 0 0 0 0 0 1277905 1279799 1.027441602 180.5666667 0.322387742 II 0 0 1
SPBC3F6.02c 0 340 1 0 0.120352241 5.5 27914.53 52.14779055 0.0012843 872.5 1 0 0 0 0 0 0 4187250 4188821 NA 111.6733333 0.445884367 II 1 0 1
SPBC3H7.01 5 395 1 0 0.907994999 2.6 5800.32 31.59319917 0.0033179 784.2 0 0 0 0 0 0 0 1889972 1891820 NA 64.07666667 0 II 1 0 1
SPBC405.06 0 413 1 0 0.475582399 3 4957.06 24.61645992 0.0010579 NA 0 0 0 0 0 0 0 3150474 3152864 1.062770136 59.03333333 0.304112862 II 0 0 1
SPBC409.18 1 279 1 0 0.721581565 3.3 NA 43.53895729 0.004171 NA 0 0 0 0 0 0 0 1171492 1172644 NA 77.35833333 0.449917 II 0 0 1
SPBC409.20c 1 215 1 0 0.723422026 5.5 10326.09 70.82328147 0.0027034 NA 0 0 0 0 0 0 0 1174480 1175972 NA 157.5833333 0.002503093 II 0 0 1
SPBC409.21 0 192 1 0 0.724772807 3.2 7843.5 28.5463311 0 892.5 0 0 0 0 0 0 0 1176673 1177909 NA 72.63166667 0.373250969 II 1 0 1
SPBC428.03c 0 463 1 0 0.274297724 43 23201.26 46.85159609 0.0044047 1471.3 1 0 0 0 0 0 0 445324 447177 1.104452516 397.3633333 0.571353067 II 0 0 1
SPBC428.04 0 115 1 0 0.276338985 2.2 26711.07 49.14708759 0.002517 1051.9 0 0 0 0 0 0 0 448638 449398 1.036705454 74.26333333 0.501441176 II 0 0 1
SPBC428.14 0 350 1 0 0.289108263 4.3 2878.97 39.74613755 0.0024955 2336.3 0 0 0 0 0 0 0 469369 472140 0.928352211 74.71833333 0.628219257 II 0 0 1
SPBC4C3.08 0 372 1 0 0.486015147 0.059 NA NA 0.0039138 NA 1 0 0 0 0 0 0 3120771 3122439 1.080394271 1.3231 0.329357377 II 0 0 1
SPBC4F6.05c 0 384 1 0 0.633114311 3 9639.61 31.97347595 0.0007584 714.2 1 0 0 0 0 0 0 2691758 2693454 0.986620982 53.72 0.310703158 II 0 0 1
SPBC4F6.09 0 612 1 0 0.628247182 7 3398.74 18.08407891 0.0035722 NA 0 0 0 0 0 0 0 2704645 2707648 1.039922684 85.125 0.365129532 II 0 0 1
SPBC4F6.16c 1 467 1 0 0.623098874 3.4 12128.78 33.85435743 0.0015597 859.1 0 0 0 0 0 0 0 2720540 2722662 1.073268617 65.495 0.437556163 II 0 0 1
SPBC530.03c 0 206 1 0 0.487010211 4 4889.98 47.5190762 0.002821 855.8 0 0 0 0 0 0 0 790664 792183 1.091410036 84.67166667 0.089520661 II 0 0 1
SPBC530.12c 0 622 1 0 0.505574972 3.4 3534.5 45.23179567 0.0041089 895.9 0 0 0 0 0 0 0 820804 823260 NA 56.855 0.345598417 II 1 0 1
SPBC543.08 0 250 1 0 0.076859429 1.8 3030.03 24.19729088 0.0029081 NA 0 0 0 0 0 0 0 4314371 4315659 1.078719385 51.84333333 0.41774245 II 0 0 1
SPBC543.10 2 171 1 0 0.075219336 1.9 7076.71 32.72643022 0.0025463 3767.3 0 0 0 0 0 0 0 4318850 4320442 1.024865469 63.42666667 0.241708333 II 0 0 1
SPBC56F2.10c 1 322 1 0 0.152951447 1.7 313.35 21.65259321 0.0040677 NA 0 0 0 0 0 0 0 4092089 4093752 0.95616671 32.90666667 0.308827176 II 0 0 1
SPBC577.11 2 239 1 0 0.475073083 3.8 NA 32.77589339 0.0012165 490.5 1 0 0 0 0 0 0 771284 773342 1.052914616 113.5233333 0.259700292 II 0 0 1
SPBC646.05c 0 460 1 0 0.57345153 11 16951.77 44.63378784 0.0019139 663.8 0 0 0 0 0 0 0 931002 932484 NA 226.1833333 0.588110865 II 1 0 1
SPBC646.07c 0 295 1 0 0.575527285 8.1 16450.77 53.07632351 0.0029592 5164.6 0 0 0 0 0 0 0 934372 935686 NA 189.5166667 0.534282342 II 1 0 1
SPBC646.08c 0 516 1 0 0.57653806 6 9232.84 38.03451742 0.002259 834.8 0 0 0 0 0 0 0 936013 938201 1.146273469 106.29 0.489635875 II 0 0 1
SPBC660.17c 1 172 1 0 0.143681021 1.4 NA 24.55502862 0.0042192 NA 0 0 0 0 0 0 0 233267 234309 1.051850081 40.02666667 0.487921569 II 0 0 1
SPBC685.03 0 452 1 0 0.604787645 1 NA 26.28465645 0.0025781 NA 0 0 0 0 0 0 0 2774697 2776063 1.091138534 16.655 0 II 0 0 1
SPBC685.05 1 160 1 0 0.603908105 0.3 NA 25.27343552 0.0018135 NA 0 0 0 0 0 0 0 2777817 2778628 NA 8.626833333 0.421863049 II 1 0 1
SPBC691.05c 1 668 1 0 0.881129482 2 4399.79 48.22388987 0.0010911 NA 0 0 0 0 0 0 0 1430519 1432984 1.051879053 33.20333333 0.42018952 II 0 0 1
SPBC713.12 0 457 1 0 0.549527997 12 27417.17 52.12939345 0.0044624 589.6 0 0 0 0 0 0 0 892162 894361 NA 191.05 0.55933024 II 1 0 1
SPBC776.05 6 403 1 0 0.464990203 0.57 NA 28.83521582 0.0014418 NA 1 0 0 0 0 0 0 3181709 3183754 1.126503455 15.42166667 0.477927586 II 0 0 1
SPBC776.14 9 632 1 0 0.456595657 1.6 620.18 43.65134825 0.0023533 NA 0 0 0 0 0 0 0 3204345 3208235 1.046414025 36.80833333 0.620740887 II 0 0 1
SPBC800.11 0 389 1 0 0.16962549 0.48 NA 25.26507651 0.0037432 NA 0 0 0 0 0 0 0 275388 277238 1.073911351 9.575666667 0.329969697 II 0 0 1
SPBC83.10 0 189 1 0 0.940936467 1.4 NA 31.70146282 0.0015367 1160.4 0 0 0 0 0 0 0 1527616 1528831 0.867837604 34.13166667 0.271509108 II 0 0 1
SPBC839.11c 0 322 1 0 0.38092129 1.7 NA 45.33491022 0.0022598 NA 0 0 0 0 0 0 0 618428 621873 1.096478387 29.99 0.593298929 II 0 0 1
SPBC887.12 0 1258 1 0 0.333924037 2.7 1312.94 29.22538779 0.0016233 3374.5 0 0 0 0 0 0 0 3561654 3565982 NA 34.80833333 0.427665512 II 1 0 1
SPBC887.15c 0 293 1 0 0.331628318 18 15768.51 46.95368368 0.0014896 418.1 0 0 0 0 0 0 0 3570849 3572677 0.702318758 262.2166667 0.421942592 II 0 0 1
SPBC887.19 0 527 1 0 0.32783481 0.84 512.49 26.55565608 0.0035943 NA 0 0 0 0 0 0 0 3580145 3583740 NA 11.57233333 0.563255006 II 1 0 1
SPBC8D2.17 1 328 1 0 0.855885349 3.6 9836.08 37.27828682 0.0026623 711.2 0 0 0 0 0 0 0 1389535 1391667 0.886640799 75.87 0.247271397 II 0 0 1
SPBC8E4.03 0 413 1 0 0.035639705 8.4 10495.87 36.4646008 0.0024684 NA 0 0 0 0 0 0 1 4434194 4435868 1.042565366 144.0766667 0.025886121 II 0 0 1
SPBC902.03 0 180 1 0 0.300512594 2 NA 19.27522448 0.0024196 NA 0 0 0 0 0 0 0 487884 489600 0.9347142 31.77333333 0.562745572 II 0 0 1
SPBC947.03c 1 116 1 0 0.416770249 1.8 NA 30.11618254 0.004991 NA 0 0 0 0 0 0 0 NA NA NA NA 0.424610633 II 0 0 1
SPBC947.04 0 973 1 0 0.412429027 3.3 NA 22.9704584 0 NA 0 0 0 0 0 0 0 NA NA NA NA 0.008884541 II 0 0 1
SPBC947.05c 0 564 1 0 0.410916252 0.3 NA 32.40362173 0.0038757 NA 0 0 0 0 0 0 0 667125 668819 1.068183533 2.8005 0.135155 II 0 0 1
SPBC947.10 1 695 1 0 0.402185147 2.4 NA 29.66089876 0.0040971 NA 0 0 0 0 0 0 0 652950 655450 0.990607872 42.125 0.480723416 II 0 0 1
SPBP19A11.02c 0 244 1 0 0.579156863 3.3 NA 32.58765083 0.0024331 NA 0 0 0 0 0 0 0 2849544 2850810 1.077321505 66.665 0.215108605 II 0 0 1
SPBP23A10.02 1 132 1 0 0.87054478 1.9 NA 47.9274984 0.0032929 NA 0 0 0 0 0 0 0 1999817 2001036 NA 52.01333333 0.425450495 II 0 0 1
SPBP23A10.11c 0 507 1 0 0.863497146 36 8920.83 49.6267996 0.0005747 NA 0 0 0 0 0 0 0 2018920 2021589 NA 381.05 0.431334964 II 0 0 1
SPBP4G3.02 0 453 1 0 0.031118562 18 51823.82 86.61959692 0.0045018 1472.5 0 0 0 0 0 0 0 4446373 4449053 1.082563432 676.95 0.341020609 II 0 0 1
SPBP4H10.19c 1 381 1 0 0.558267365 1.2 NA 20.97689348 0.0015286 NA 0 0 0 0 0 0 0 2910047 2911730 1.096701505 24.02 0.288966622 II 0 0 1
SPBP8B7.13 1 251 1 0 0.302783529 1.1 NA 23.82147901 0 NA 1 0 0 0 0 0 0 3655454 3656797 1.072869894 24.09166667 0.222612698 II 0 0 1
SPBP8B7.22 2 212 1 0 0.294438703 2.6 NA 32.21688793 0 NA 1 0 0 0 0 0 0 3679604 3681133 0.883084321 76.795 0.420510801 II 0 0 1
SPBP8B7.25 1 201 1 0 0.292498572 14 79432.58 83.61052325 0.0007227 738.4 1 0 0 0 0 0 0 3685838 3686791 1.037614489 475.5666667 0.506544669 II 0 0 1
SPBPB10D8.01 0 552 1 0 0.049829813 4.3 1176.2 24.30867643 0.0044878 NA 0 0 0 0 0 0 0 80899 83357 1.010964432 50.83166667 0.64829674 II 0 0 1
SPBPB10D8.04c 0 379 1 0 0.05628313 3.1 NA NA 0 NA 0 0 0 0 0 0 0 NA NA NA NA 0.463337209 II 0 0 1
SPBPB2B2.01 0 585 1 0 0.027419009 0.082 NA 40.72505451 0.0029912 NA 0 0 0 0 0 0 0 4457661 4459842 1.163302727 4.9158 0.189159102 II 0 0 1
SPBPB2B2.02 0 381 1 0 0.026633081 0.095 NA 21.41585564 0.0026751 NA 0 0 0 0 0 0 0 4460486 4462134 1.047082407 2.267333333 0.058391667 II 0 0 1
SPBPB2B2.07c 1 250 1 0 0.022244983 0.021 NA NA 0.0051829 NA 1 0 0 0 0 0 0 NA NA NA NA 0 II 0 0 1
SPBPB7E8.01 0 569 1 0 0.357654465 20 2754.51 18.04332171 0.0030734 NA 0 0 0 0 0 0 0 3491819 3496777 0.854999938 194.7 0.003516626 II 0 0 1
SPBPB8B6.02c 0 673 1 0 0.02752931 0.0097 NA NA NA NA 0 0 0 0 0 0 0 44694 46836 NA 0.228326667 0.655335744 II 0 0 1
SPBPB8B6.06c 0 311 1 0 0.034339879 2.1 NA NA 0.0004771 NA 0 0 0 0 0 0 0 NA NA NA NA 0.5852 II 0 0 1
SPBPJ4664.05 1 223 1 0 0.434730762 3.7 1195.63 45.85791045 0.004562 NA 0 0 0 0 0 0 0 705788 707245 1.027794881 77.17666667 0.2465142 II 0 0 1
SPCC1020.05 0 509 1 0 0.701831779 2.2 538.48 30.10083804 0.003435 NA 0 0 0 0 0 0 0 774790 777899 1.057206282 39.775 0.553271739 III 0 0 1
SPCC1020.08 0 688 1 0 0.695490029 4 3635.61 27.2558056 0.0029663 782.4 0 0 0 0 0 0 0 767789 770340 1.084255601 80.61 0.695134362 III 0 0 1
SPCC1020.11c 2 108 1 0 0.686015903 1.9 NA 44.11158823 0.0053573 NA 0 0 0 0 0 0 0 757330 758483 0.798855052 58.305 0.576877814 III 0 0 1
SPCC1183.11 0 1011 1 0 0.560611221 4.3 883.81 22.96211592 0.0023081 NA 0 0 0 0 0 0 0 618889 623222 1.088799574 16.05783333 0.651283448 III 0 0 1
SPCC11E10.02c 0 380 1 0 0.738913612 0.91 993.6 21.60378089 0.0034485 NA 0 0 0 0 0 0 0 1454541 1456141 NA 18.19666667 0.427054426 III 1 0 1
SPCC1223.12c 1 416 1 0 0.430875161 0.11 NA NA 0.0007002 NA 0 0 0 0 0 0 0 1866916 1871663 1.071499935 1.81905 0.141258723 III 0 0 1
SPCC1235.06 1 257 1 0 0.171264382 2.4 2564.51 33.71255353 0.0028292 NA 0 0 0 0 0 0 0 189068 190401 0.997906607 56.68 0.590180812 III 0 0 1
SPCC1235.08c 0 226 1 0 0.173644011 0.34 NA 17.7893589 0.0025724 NA 0 0 0 0 0 0 0 191695 194803 1.07541136 10.0845 0.550674877 III 0 0 1
SPCC1235.15 3 345 1 0 0.195023525 2.5 16050.56 37.164489 0.0016877 915.7 0 0 0 0 0 0 0 215297 217099 1.104357509 64.90333333 0.649649043 III 0 0 1
SPCC1259.07 1 351 1 0 0.947012285 1.7 3530.48 24.29755419 0.0033179 997.5 0 0 0 0 0 0 0 1045458 1047457 0.94179515 25.885 0.227738452 III 1 0 1
SPCC126.08c 0 312 1 0 0.23855518 5.4 13624.14 32.93843384 0.0018656 779.8 1 0 0 0 0 0 0 2129838 2131089 1.014595489 114.2166667 0.495745813 III 0 0 1
SPCC126.09 1 389 1 0 0.236242234 1.5 1281.7 23.15394291 0.0038326 NA 0 0 0 0 0 0 0 2131758 2134209 0.826959789 29.67 0.233546344 III 0 0 1
SPCC1281.03c 0 193 1 0 0.791639886 4.2 16990.14 33.17132014 0.0007525 843.2 0 0 0 0 0 0 0 1383703 1385017 NA 121.3433333 0.234599826 III 0 0 1
SPCC1281.06c 0 479 1 0 0.784310368 89 18656.94 40.0538345 0.0021304 234.8 0 0 0 0 0 0 0 1392544 1394904 NA 379.6166667 0.554592341 III 1 0 1
SPCC1322.07c 0 104 1 0 0.852757262 0.3 NA NA 0.0111581 NA 0 0 0 0 0 0 0 1299511 1302574 1.072788887 3.928166667 0.117755614 III 0 0 1
SPCC1322.10 0 262 1 0 0.846550115 47 NA 34.72048465 0.0033347 NA 0 0 0 0 0 0 0 1309585 1310947 NA 832 0.320734086 III 0 0 1
SPCC1322.14c 0 721 1 0 0.83889367 7.4 9617.48 31.38163441 0.0026285 890.8 0 0 0 0 0 0 0 1318375 1321275 1.149677756 67.11 0.479867058 III 0 0 1
SPCC1393.10 0 289 1 0 0.741246465 1.8 NA 24.00297381 0.0040788 NA 0 0 0 0 0 0 0 818302 819361 NA 73.74166667 0.550903716 III 0 0 1
SPCC1450.06c 0 166 1 0 0.531323739 1.4 3645.63 37.70620722 0.0008742 323.3 1 0 0 0 0 0 0 1735279 1736165 1.067276736 36.13666667 0.270507018 III 0 0 1
SPCC1450.14c 0 567 1 0 0.511342702 2.1 4009.84 31.08415009 0.0020561 656.7 0 0 0 0 0 0 0 1758944 1763118 NA 34.89833333 0.412835193 III 1 0 1
SPCC1529.01 4 491 1 0 0.214374874 3.5 257.95 19.57610758 0.0044508 NA 0 0 0 0 0 0 0 236660 239381 1.011113169 40.08833333 0.678312746 III 0 0 1
SPCC162.09c 0 1053 1 0 0.657849301 8.8 8622.39 35.64955585 0.0019391 909.5 0 0 0 0 0 0 0 1561184 1565491 NA 75.36 0.4975129 III 1 0 1
SPCC1620.07c 2 334 1 0 0.218937394 1.6 5723.42 13.49433788 0.0034862 NA 1 0 0 0 0 0 0 2155261 2157552 1.070705658 30.41333333 0.128399232 III 0 0 1
SPCC1672.11c 0 1315 1 0 0.530648016 3.8 1506.52 26.0688015 0.0026623 NA 0 0 0 0 0 0 0 585811 589943 NA 46.86666667 0.59678538 III 0 0 1
SPCC1682.11c 3 574 1 0 0.355107187 1.4 NA 27.76460197 0.002285 NA 0 0 0 0 0 0 0 392022 394274 1.054057827 20.345 0.597778846 III 0 0 1
SPCC1682.15 0 749 1 0 0.364054118 2.8 933.44 20.56988209 0.0027299 NA 0 0 0 0 0 0 0 401899 404951 1.060704512 42.03333333 0 III 0 0 1
SPCC16A11.06c 0 506 1 0 0.796213429 1 NA 28.98179094 0.0025915 NA 0 0 0 0 0 0 0 878983 881444 NA 16.25833333 0.599599496 III 1 0 1
SPCC1795.02c 2 412 1 0 0.901444263 7.1 11965.1 41.60438605 0.0014139 NA 0 0 0 0 0 0 0 995153 997214 1.206395143 50.005 0.434712188 III 0 0 1
SPCC1795.09 0 521 1 0 0.886112102 0.82 NA 15.95829381 0.0013983 NA 0 0 0 0 0 0 0 978227 980985 1.026641118 13.6 0.528344676 III 0 0 1
SPCC1795.10c 0 227 1 0 0.885008796 4.3 174.67 26.12819529 0.0006403 NA 0 0 0 0 0 0 0 977009 978563 0.980916298 52.235 0.594459909 III 0 0 1
SPCC1795.12c 0 112 1 0 0.881184361 2.8 NA 24.12138142 0 NA 1 0 0 0 0 0 0 972787 973891 NA 58.17833333 0.511213439 III 0 0 1
SPCC18.02 0 448 1 0 0.368748837 2.2 NA 18.01969948 0.0026011 NA 0 0 0 0 0 0 0 1953367 1955467 1.030441055 36.45666667 0.458459072 III 0 0 1
SPCC1827.07c 7 682 1 0 0.045253679 0.59 NA 20.8767797 0.0012824 NA 1 0 0 0 0 0 0 2388317 2391839 1.052077522 9.295333333 0.393196465 III 0 0 1
SPCC1840.02c 0 1955 1 0 0.145431672 15 8160.61 41.47374895 0.0023883 NA 0 0 0 0 0 0 0 2248859 2256706 1.000775473 117.685 0.397412259 III 1 0 1
SPCC1840.07c 0 332 1 0 0.134337686 2.6 2219.59 41.27129317 0.0008768 521.8 0 0 0 0 0 0 0 2270044 2271671 1.061608594 44.72 0.363835975 III 0 0 1
SPCC1840.08c 0 561 1 0 0.132621509 1.2 1413.19 23.96035879 0.0031171 NA 1 0 0 0 0 0 0 2271753 2273986 1.075447487 16.605 0.255736685 III 0 0 1
SPCC188.06c 1 522 1 0 0.717321668 4.8 10585.21 44.21239774 0.0027913 690.3 0 0 0 0 0 0 0 1482990 1485267 NA 94.64333333 0.592695221 III 1 1 1
SPCC188.09c 0 609 1 0 0.709062523 2.1 NA 24.09302383 0.0042044 NA 0 0 0 0 0 0 0 1492788 1496408 1.110020023 27.81 0.189098039 III 0 0 1
SPCC1884.02 0 408 1 0 0.039385699 1.5 NA 22.91674036 0.005034 NA 0 0 0 0 0 0 0 43480 46985 0.944784774 20.32 0.451780728 III 1 0 1
SPCC1919.04 0 256 1 0 0.178193218 0.88 NA 18.00061585 0.0058394 NA 0 0 0 1 0 0 0 NA NA NA NA 0.057049826 III 0 0 1
SPCC24B10.06 2 156 1 0 0.824650302 3.6 NA 38.44384934 0.0009318 NA 0 0 0 0 0 0 0 910376 912031 NA 87.44 0.352172185 III 0 0 1
SPCC24B10.13 0 140 1 0 0.836148064 4.6 NA 18.64627174 0.0031061 NA 0 0 0 0 0 0 0 923069 923491 1.082443717 48.705 0.524210117 III 0 0 1
SPCC24B10.17 2 199 1 0 0.842850336 1.7 15244.68 42.45710053 0.0007299 655.5 0 0 0 0 0 0 0 930468 931984 1.152272927 50.31833333 0.605439124 III 0 0 1
SPCC285.05 0 348 1 0 0.480901515 5.5 9513.25 30.94206826 0.0025098 NA 0 0 0 0 0 0 0 1802086 1804181 1.073209858 42.91833333 0 III 0 0 1
SPCC285.11 1 427 1 0 0.470358336 1.6 501.91 16.97998414 0.0010233 479.7 0 0 0 0 0 0 0 1816063 1818403 1.039232349 28.23833333 0.337570415 III 0 0 1
SPCC2H8.02 0 583 1 0 0.749950632 1.7 881.47 28.29091736 0.0025012 NA 1 0 0 0 0 0 0 827911 830947 1.102220523 26.59333333 0.690113636 III 0 0 1
SPCC306.05c 2 281 1 0 0.376969511 1.8 566.54 18.39290327 0.0010354 NA 0 0 0 0 0 0 0 416157 417706 0.951461632 35.48166667 0.376 III 0 0 1
SPCC306.06c 1 311 1 0 0.378643494 6.1 5109.15 44.38041646 0.0014037 49.6 0 0 0 0 0 0 0 418005 419553 NA 145.3833333 0.555709091 III 1 0 1
SPCC320.05 0 667 1 0 0.144583017 2.5 1587.53 30.93767452 0.0026225 NA 0 0 0 0 0 0 0 159613 162339 1.057872953 32.31333333 0.554604899 III 0 0 1
SPCC330.08 0 471 1 0 0.112524616 3.8 6432.08 24.35432229 0.0049487 776 0 0 0 0 0 0 0 124222 127134 NA 58.57333333 0.640315341 III 1 0 1
SPCC338.15 3 437 1 0 0.817993386 6.8 24624.74 55.30917485 0.0019998 1060.7 0 0 0 0 0 0 0 1347604 1349468 NA 150.35 0.479422247 III 1 0 1
SPCC338.18 0 117 1 0 0.823643053 0.17 NA 62.79023928 0.0024743 NA 1 0 0 0 0 0 0 1340628 1341847 1.117576018 2.590333333 0 III 0 0 1
SPCC417.10 0 508 1 0 0.559919017 0.92 NA 27.94947461 NA NA 1 0 0 0 0 0 0 1694169 1697592 NA 12.54866667 0.188062766 III 0 0 1
SPCC4B3.02c 3 129 1 0 0.945260277 1 NA 41.38085962 0.0011435 NA 0 0 0 0 0 0 0 1176687 1177794 1.028397152 44.115 0.305119116 III 0 0 1
SPCC4G3.11 0 316 1 0 0.407815 2.6 915.28 28.19983713 0.0036842 NA 0 0 0 0 0 0 0 450209 451666 0.982059729 42.25 0.528771167 III 0 0 1
SPCC550.04c 3 324 1 0 0.933807487 1 NA 23.8941037 0.0031443 NA 0 0 0 0 0 0 0 1191599 1193243 NA 18.80833333 0.473804485 III 1 0 1
SPCC550.08 0 247 1 0 0.927297137 1.3 NA 22.16106033 0.001766 NA 1 0 0 0 0 0 0 1200168 1202025 1.105092977 30.57833333 0 III 0 0 1
SPCC553.06 2 271 1 0 0.267428715 10 3551.81 48.27547517 0.0016101 399.6 0 0 0 0 0 0 0 295229 296631 NA 273.4666667 0.508891589 III 1 0 1
SPCC553.10 0 349 1 0 0.256515217 120 NA 44.57479293 0.0030204 NA 0 0 0 0 0 0 0 283181 285072 NA 2890.833333 0.594094417 III 0 0 1
SPCC569.05c 0 576 1 0 0.018450193 1.6 NA 16.58944094 0.0106263 NA 1 0 0 0 0 0 0 2423807 2427995 1.111044006 34.57 0.233744358 III 0 0 1
SPCC569.06 0 478 1 0 0.022666871 2.6 NA 24.66516858 0.0108944 NA 1 0 0 0 0 0 0 2420265 2422307 1.049180424 53.65 0 III 0 0 1
SPCC594.02c 0 489 1 0 0.3242463 24 30317.31 27.06974643 0.0029793 1057.4 0 0 0 0 0 0 0 357953 361151 1.04388262 403.3 0.602050898 III 0 0 1
SPCC594.04c 0 344 1 0 0.328251902 1.3 NA 18.95442645 0.0021532 NA 0 0 0 0 0 0 0 362375 363826 1.081492434 22.82666667 0.588136972 III 0 0 1
SPCC594.07c 1 255 1 0 0.33284539 2.6 NA 19.81565207 0.0028513 NA 0 0 0 0 0 0 0 367446 369010 1.045465709 58.65 0.505325843 III 0 0 1
SPCC613.03 0 189 1 0 0.077111909 3 6858.31 19.57554719 0.002305 609.7 1 0 0 0 0 0 0 85128 88460 1.084837961 53.78 0.607791864 III 0 0 1
SPCC613.08 2 282 1 0 0.084297896 4.2 7236.31 38.42336213 0.0035825 832.6 0 0 0 1 0 1 0 93061 94425 0.225181591 105.3166667 0.593446334 III 0 0 1
SPCC622.02 0 127 1 0 0.776331445 1.3 NA 27.23019292 0.0034215 238.7 0 0 0 0 0 0 0 1404560 1405667 NA 24.72833333 0 III 0 0 1
SPCC622.04 0 140 1 0 0.775151991 0.22 NA 18.84396452 0.0062121 NA 0 0 0 0 0 0 0 1405658 1407258 NA 5.359 0.046278912 III 0 0 1
SPCC622.05 0 115 1 0 0.773610027 0.15 NA NA 0.0029197 NA 0 0 0 0 0 0 0 1407256 1409338 NA 4.474 0.034687612 III 0 0 1
SPCC622.06c 0 122 1 0 0.77308739 2 NA 43.49012453 0.0059344 NA 0 0 0 0 0 0 0 1408088 1410043 NA 35.85 0.02532133 III 0 0 1
SPCC622.07 0 128 1 0 0.773013257 0.59 NA 57.73664327 0.003395 NA 0 0 0 0 0 0 0 1409275 1410143 NA 9.238666667 0.057310345 III 0 0 1
SPCC622.21 3 197 1 0 0.778551725 0.26 NA 21.14626443 0.0055943 NA 0 0 0 0 0 0 0 NA NA NA NA 0 III 0 0 1
SPCC63.02c 0 564 1 0 0.755086716 6.2 3116.8 25.72873704 0.0007751 589.5 0 0 0 0 0 0 0 833581 836015 0.629519636 102.1433333 0.325431271 III 0 0 1
SPCC63.10c 1 504 1 0 0.77394982 0.63 NA 18.50170766 0.0026173 NA 0 0 0 0 0 0 0 854405 856452 NA 13.31833333 0.575171233 III 1 0 1
SPCC63.13 0 208 1 0 0.780388494 1.2 1610.2 14.96853598 0.004191 748.4 0 0 0 0 0 0 0 861513 862459 1.07415432 11.862 0.592702306 III 0 0 1
SPCC645.11c 0 186 1 0 0.886177108 2 NA 27.85772608 0.0015613 NA 0 0 0 0 0 0 0 1256651 1257493 1.030486653 42.33833333 0.441751208 III 0 0 1
SPCC663.02 4 229 1 0 0.608433802 1.1 1140.49 39.79871128 0.0019639 587.2 0 0 0 0 0 0 0 1629964 1632149 NA 30.28 0.01174116 III 0 0 1
SPCC737.03c 0 615 1 0 0.41582915 1.9 184.56 34.71401428 0.0030809 NA 0 0 0 0 0 0 0 1888103 1891959 1.048925406 28.12833333 0.130902314 III 0 0 1
SPCC737.05 0 264 1 0 0.411407124 1.9 1075.92 26.80066236 0.0027544 NA 0 0 0 0 0 0 0 1894976 1897924 1.086639104 36.25166667 0.358985388 III 0 0 1
SPCC757.10 1 213 1 0 0.061676483 1.5 NA 28.17391449 0.007026 NA 0 0 0 0 0 0 0 68088 69479 NA 33.65666667 0.491167558 III 1 0 1
SPCC757.12 0 625 1 0 0.066049854 8.9 1330.48 24.23526636 0.0030349 NA 0 0 0 0 0 0 0 72916 75522 1.052288611 40.66833333 0.274262548 III 0 0 1
SPCC757.13 0 522 1 0 0.06982175 0.71 NA 22.94406615 0.0016748 NA 0 0 0 0 0 0 0 77080 79816 1.109874509 10.2615 0.508117785 III 0 0 1
SPCC777.04 0 521 1 0 0.628745471 0.055 NA NA 0.0030763 NA 1 0 0 0 0 0 0 1602954 1604750 1.059014456 0.605966667 0 III 0 0 1
SPCC777.07 2 378 1 0 0.622755534 0.98 234.91 26.44201514 0.0027034 NA 0 0 0 0 0 0 0 1609353 1612830 1.063443905 19.87666667 0.28575958 III 0 0 1
SPCC777.12c 1 238 1 0 0.618767185 5.4 6133.62 63.22804823 0.0012216 2625 0 0 0 0 0 0 0 1616592 1618210 1.0737518 147.6666667 0.04822087 III 0 0 1
SPCC794.02 4 269 1 0 0.218733752 0.22 NA 26.75370979 0.0065611 NA 0 0 0 0 0 0 0 NA NA NA NA 0.433409091 III 0 0 1
SPCC825.02 6 506 1 0 0.928833085 4.2 24595.15 54.66800981 0.0025915 717.2 0 0 0 0 0 0 0 1025389 1027919 0.981679995 111.4666667 0.333644809 III 1 0 1
SPCC830.09c 1 139 1 0 0.187562874 1.1 NA 20.07415027 0.0031283 NA 0 0 0 0 0 0 0 2197726 2199874 NA 18.83333333 0.193377473 III 1 0 1
SPCC965.11c 0 537 1 0 0.107202084 0.58 NA NA 0.0013567 NA 1 0 0 0 0 0 0 2303540 2308275 1.076945744 5.316333333 0.103768322 III 0 0 1
SPCC965.13 0 537 1 0 0.102661445 3.4 5994.87 32.95869399 0.0013567 NA 1 0 0 0 0 0 0 2310096 2314400 1.074699083 53.80666667 0.170741379 III 0 0 1
SPCC970.02 3 442 1 0 0.463575475 1.5 NA 20.85755864 0.0026363 NA 0 0 0 0 0 0 0 511766 513785 1.011060796 33.66666667 0.442685133 III 0 0 1
SPCC970.03 0 301 1 0 0.461907833 5.4 16940.54 57.98414196 0.0019336 687.8 0 0 0 0 0 0 0 509925 511627 NA 120.5166667 0.688982075 III 1 0 1
SPCC970.06 0 302 1 0 0.455568801 4.1 8494.78 18.74381861 0.0014454 NA 1 0 0 0 0 0 0 502927 504777 0.907800714 83.79166667 0.69140999 III 0 0 1
SPCP31B10.06 0 1188 1 0 0.482433145 1.3 317.89 20.65001435 0.0038062 215.2 0 0 0 0 0 0 0 532584 537202 1.068520634 15.31166667 0.595962915 III 0 0 1
SPCPB1C11.02 0 505 1 0 0.28021712 0.39 NA 44.65650364 0.0017311 NA 0 0 0 0 0 0 0 2072626 2074890 1.057064965 2.723166667 0.412035597 III 0 0 1
SPCPB1C11.03 1 570 1 0 0.277168035 6.3 2564.51 15.97096794 0.0048577 NA 0 0 0 0 0 0 0 2076393 2079003 1.080935588 47.80666667 0.408545998 III 0 0 1
