SPAC10F6.02c 1 1168 1 0 0.319977389 2.8 2114.59 33.17487844 0.0016234 373.9 0 0 1 0 0 0 0 1206812 1210630 NA 44.64166667 0.370563818 I 1 0 0 23.1112642888129
SPAC1250.01 1 1199 1 0 0.262748682 4.6 2253.64 26.25451722 0.0029197 655.2 0 0 1 0 0 1 0 5100148 5104194 NA 54.00166667 0.580811187 I 1 0 0 19.6814923297723
SPAC12G12.14c 0 509 1 0 0.084796612 2.3 487.05 19.76988248 0.0020037 NA 0 0 1 0 0 0 0 319815 321825 NA 35.24666667 0.606246714 I 1 0 0 57.2705319531023
SPAC13G7.08c 2 446 1 0 0.612551484 4 3830.04 32.74770228 0.0026127 NA 0 0 1 0 0 0 0 2310271 2311973 NA 91.14333333 0.523786795 I 1 0 0 15.1689703941068
SPAC1486.03c 0 797 1 0 0.845340144 1.8 561.54 24.62452307 0.0021953 1205.1 0 0 1 0 0 0 0 3188246 3190898 NA 34.03333333 0.454776886 I 1 0 0 24.3429670007198
SPAC14C4.02c 2 1076 1 0 0.193006225 2.2 NA 27.11857005 0.0019173 591.6 0 0 1 0 0 0 0 5226179 5230259 NA 33.36833333 0.537292532 I 1 0 0 30.5950314814078
SPAC17G8.02 0 330 1 0 0.621511716 1.4 2172.2 24.05606106 0.0022052 674.4 0 0 1 0 0 1 0 2344065 2346044 NA 26.59666667 0.326001616 I 1 0 0 118.508858053319
SPAC18B11.11 0 1294 1 0 0.078108652 0.95 706.85 21.28570439 0.000903 NA 0 0 1 0 0 0 0 294591 299154 1.092157336 11.66383333 0.518909448 I 1 0 0 51.6485328227695
SPAC19G12.01c 4 719 1 0 0.848936616 0.56 143.4 18.81487297 0.0018248 NA 0 0 1 0 0 0 0 4041809 4044613 NA 9.512666667 0.415368583 I 1 0 0 14.5817699061828
SPAC19G12.07c 6 603 1 0 0.842265262 2.6 8193.86 41.12819924 0.0014478 552.5 0 0 1 0 0 1 0 4053604 4056672 NA 49.93 0.400012826 I 1 0 0 37.87794220112
SPAC1B1.01 1 478 1 0 0.937684042 9.3 2256.83 55.32312202 0.0027468 339.3 0 0 1 0 0 1 0 3536526 3538612 NA 135.15 0.342525157 I 1 0 0 39.196803628982
SPAC222.09 1 620 1 0 0.254501725 11 8022.21 36.00753815 0.0018806 588.9 0 0 1 0 0 1 0 959867 962227 NA 157.5333333 0.598600535 I 1 0 0 42.8540011052767
SPAC22F8.10c 0 601 1 0 0.427466794 2.1 1033.07 24.94515246 0.0026675 476.4 0 0 1 0 0 1 0 4804513 4806453 NA 39.18 0.60215406 I 1 0 0 31.6088598043607
SPAC22G7.09c 5 425 1 0 0.199293713 5 2510.69 43.19870779 0.002061 580.8 0 0 1 0 0 0 0 751647 753492 NA 104.6583333 0.436253383 I 1 0 0 36.150932377035
SPAC23G3.09 0 365 1 0 0.234482921 2.8 2304.11 24.68225264 0.0011966 604.2 0 0 1 0 0 1 0 884365 885989 NA 61.70833333 0.593387077 I 1 0 0 30.4694051982958
SPAC25B8.02 0 267 1 0 0.786359545 3.3 NA 36.5047423 0.0016342 510.8 0 0 1 0 0 0 0 4156472 4157726 NA 42.345 0.388612154 I 1 0 0 54.0326581876933
SPAC26H5.06 2 555 1 0 0.800398212 1.2 NA 31.71749762 0.0021005 NA 0 0 1 0 0 0 0 4129145 4132350 NA 23.11333333 0.391863697 I 1 0 0 31.8947789978499
SPAC29E6.02 4 542 1 0 0.647018471 2.8 355.77 30.52922941 0.0024196 737.4 0 0 1 0 0 1 0 4403839 4409596 NA 48.55166667 0.449476708 I 1 0 0 24.1144610322604
SPAC30D11.08c 1 538 1 0 0.29291719 2.7 1109.5 28.88636874 0.0021668 NA 0 0 1 0 0 1 0 1104753 1106608 NA 59.705 0.458708227 I 1 0 0 44.0752851151322
SPAC3G6.08 0 182 1 0 0.102124997 2.3 1876.58 46.73809462 0.0047864 388.8 0 0 1 0 0 0 0 5393499 5394534 NA 46.18166667 0.387314943 I 1 0 0 47.7922620147014
SPAC3G9.10c 2 242 1 0 0.83868241 2.5 NA 36.74382736 0.0036046 NA 0 0 1 0 0 0 0 3163136 3164354 NA 72.10833333 0.465331283 I 1 0 0 18.5427908191291
SPAC3G9.14 0 766 1 0 0.834390281 5.4 1573.7 24.43942885 0.0020937 916.6 0 0 1 0 0 0 0 3146948 3150486 NA 84.42333333 0.346320681 I 1 0 0 65.6950577085263
SPAC4D7.13 0 695 1 0 0.111403706 3.6 3537.34 20.81760112 0.0023072 723.8 0 0 1 0 0 1 0 5375546 5377762 NA 73.78666667 0.520794089 I 1 0 0 22.3332356550432
SPAC4G9.04c 1 638 1 0 0.598076284 4.2 2676.55 24.01799141 0.00297 440.2 0 0 1 0 0 0 0 2255677 2259196 NA 60.07833333 0.537368492 I 1 0 0 40.6694676289629
SPAC644.12 5 757 1 0 0.714484533 2.8 2623.94 29.0378993 0.0028889 1403.5 0 0 1 0 0 1 0 2694717 2697430 NA 55.82 0.5947046 I 1 0 0 9.51833330182897
SPAC644.16 1 422 1 0 0.716306329 4.8 4801.86 52.47603832 0.0010354 772.4 0 0 1 0 0 0 0 2701588 2703006 NA 88.16 0.494602549 I 1 0 0 32.6171168954089
SPAC664.08c 3 452 1 0 0.45498752 3 1831.82 24.06853322 0.0064453 1270.8 0 0 1 0 0 1 0 1716010 1717792 NA 70.37166667 0.512946677 I 1 0 0 26.5620043365865
SPAC6F12.14 2 565 1 0 0.355349546 1.1 890.86 25.40376118 0.0018087 NA 0 0 1 0 0 0 0 1340220 1342448 NA 21.49 0.571563762 I 1 0 0 22.2130028924319
SPAC6F12.17 1 733 1 0 0.357594509 4.1 4877.53 29.50807959 0.0013922 899.5 0 0 1 0 0 1 0 1348687 1351231 NA 73.53833333 0.562790307 I 1 0 0 23.2613230511462
SPAC821.08c 0 488 1 0 0.26380134 4.5 NA 16.09695286 0.0029854 NA 0 0 1 0 0 0 0 994941 997625 NA 92.395 0.284640279 I 1 0 0 32.8722228376076
SPAC9G1.13c 3 437 1 0 0.528994149 2.2 NA 27.05348611 0.0009999 498.6 0 0 1 0 0 1 0 1995130 1996858 NA 46.00666667 0.531602855 I 1 0 0 46.0676688597967
SPAPB1A10.04c 1 294 1 0 0.494372081 1.4 1338.87 34.60541119 0.0059384 940.3 0 0 1 0 0 0 0 1864551 1865819 NA 35.87666667 0.414356846 I 1 0 0 51.7401546969725
SPAPB1E7.03 1 591 1 0 0.871388027 3.8 1392.33 30.85375194 0.0014796 894.9 0 0 1 0 0 1 0 3286487 3288578 NA 69.16333333 0.568078782 I 1 0 0 24.1821932623227
SPAPB8E5.07c 0 1163 1 0 0.362785804 5.8 4535.04 26.18489595 0.0021333 633.9 0 0 1 0 0 1 0 4919715 4923369 NA 84.64166667 0.497929193 I 1 0 0 14.430062385739
SPBC119.11c 0 363 1 0 0.454265645 4.2 3271.21 23.99318659 0.0020053 324.5 0 0 1 0 0 1 0 737503 738906 NA 47.43 0.510694686 II 1 0 0 19.9326825471943
SPBC1198.13c 2 307 1 0 0.119517883 3 3533.66 27.59024843 0.0014219 550.5 0 0 1 0 0 1 0 194038 197189 NA 55.18833333 0.545102041 II 1 0 0 60.7845636559745
SPBC11C11.04c 6 1105 1 0 0.40553606 0.73 100 33.80329679 0.0027819 NA 0 0 1 0 0 0 0 3353046 3357140 NA 12.765 0.257321429 II 1 0 0 21.553582007076
SPBC13A2.01c 2 182 1 0 0.390773165 2.3 873.61 29.84633696 0.0071796 604.3 0 0 1 0 0 0 0 3397894 3400193 NA 55.05 0.504287606 II 1 0 0 25.7391596370292
SPBC146.01 2 1063 1 0 0.613456926 1.9 1244.29 19.10637192 0.0022359 NA 0 0 1 0 0 0 0 995951 1000175 NA 23.50666667 0.430349563 II 1 0 0 35.9212887371213
SPBC16A3.11 0 872 1 0 0.089204875 1.5 NA 28.05808285 0.0037001 NA 0 0 1 0 0 1 0 4276864 4279656 NA 28.415 0.513077449 II 1 0 0 61.6607150761757
SPBC16C6.12c 0 470 1 0 0.063669762 2.2 1872.89 29.14032433 0.0015497 555.5 0 0 1 1 0 1 0 4352543 4354124 NA 41.65833333 0.535062976 II 1 0 0 31.2975875140523
SPBC16D10.09 1 260 1 0 0.316140189 13 14754.46 53.18355465 0.001678 671.8 0 0 1 0 0 0 0 3616412 3617845 NA 367.85 0.539605613 II 1 0 0 42.0337740744181
SPBC16E9.05 0 378 1 0 0.896482458 19 33339.45 55.51102241 0.0030815 574.6 0 0 1 0 0 0 0 1923596 1925394 NA 440.05 0.480111617 II 1 0 0 13.7611960664899
SPBC16G5.10 1 299 1 0 0.104830851 3.4 2644.33 40.63295811 0.0019465 1007.7 0 0 1 0 0 0 0 4231874 4234086 NA 78.26666667 0.456741463 II 1 0 0 132.29608732634
SPBC1734.14c 2 113 1 0 0.669870022 4.1 4541.52 37.95054366 0 NA 0 0 1 0 0 0 0 1087538 1088852 NA 130.2666667 0.299304725 II 1 0 0 47.4746477093632
SPBC17G9.04c 0 675 1 0 0.810370545 5.9 4533.41 21.76937824 0.0034553 607.6 0 0 1 1 0 0 0 2173656 2176522 NA 82.57666667 0.445759159 II 1 0 0 46.1781923538419
SPBC17G9.05 0 432 1 0 0.809366875 1.9 NA 27.24467165 0.0037086 NA 0 0 1 0 0 1 0 2177733 2179449 1.118115446 27.14333333 0.545804185 II 1 0 0 38.2401026851823
SPBC18H10.03 1 282 1 0 0.948207968 16 21486.68 51.11918581 0.0025792 1829.8 0 0 1 0 0 0 0 1772999 1774547 NA 416.4 0.493742323 II 1 0 0 29.1848444267506
SPBC19C2.05 0 470 1 0 0.979066268 4.1 NA 37.69660955 0.0024796 NA 0 0 1 0 0 0 0 1680745 1684555 NA 29.59333333 0.22661622 II 1 0 0 48.8614852678796
SPBC19F5.02c 0 710 1 0 0.285808926 3.7 2920.22 22.21492307 0.0014373 757.4 0 0 1 0 0 1 0 3703456 3706300 NA 74.15666667 0.503784399 II 1 0 0 31.7801926306058
SPBC1A4.10c 0 879 1 0 0.871190804 3.1 1007.77 28.56268372 0.0026543 NA 0 0 1 0 0 0 0 1996006 1999152 NA 50.79 0.489031393 II 1 0 0 23.2579632390523
SPBC20F10.01 2 194 1 0 0.430449152 15 24776.93 64.14946632 0.0044996 1797.6 0 0 1 0 0 0 0 3283347 3284486 NA 427.9833333 0.497475177 II 1 0 0 47.2089849801971
SPBC21.06c 10 1062 1 0 0.450330522 0.87 NA 19.89436602 0.00206 1091.3 0 0 1 0 0 0 0 3222351 3226506 NA 13.98383333 0.488866404 II 1 0 0 36.5176720198117
SPBC211.02c 1 790 1 0 0.228387497 2.6 1234.89 24.65129139 0.0027684 426.2 0 0 1 0 0 0 0 3870710 3873758 NA 49.45 0.557226717 II 1 0 0 29.3008472209003
SPBC23E6.09 0 1102 1 0 0.230686987 7.4 2632.63 26.70630912 0.0039079 607.7 0 0 1 0 0 0 0 3862346 3867052 0.800136946 47.54333333 0.362440025 II 1 0 0 35.9016959071836
SPBC28E12.05 0 334 1 0 0.922237371 2 3257.49 26.61731193 0.0017431 709.6 0 0 1 0 0 0 0 1844942 1850285 NA 32.805 0.551269545 II 1 0 0 39.2760380280606
SPBC29A10.15 1 707 1 0 0.674254483 1.6 554.73 33.92155147 0.0020619 NA 0 0 1 0 0 1 0 2571077 2573477 NA 31.14166667 0.541694677 II 1 0 0 27.3462125407989
SPBC2A9.12 1 264 1 0 0.538882515 0.89 911.71 33.21484268 0.0011018 NA 0 0 1 0 0 0 0 2967218 2968262 NA 19.31833333 0.439083705 II 1 0 0 29.8704123147429
SPBC336.07 0 1339 1 0 0.611954951 1.2 NA 23.0122967 0.0041399 NA 0 0 1 1 0 1 0 2750876 2755161 NA 11.2585 0.478842625 II 1 0 0 16.0726436964777
SPBC336.15 1 1018 1 0 0.605996369 2.2 521.54 25.76730833 0.0025787 NA 0 0 1 0 0 1 0 2769046 2772538 NA 33.62833333 0.376893527 II 1 0 0 23.4193327150545
SPBC337.12 2 376 1 0 0.647707492 2 NA 19.18453626 0.0030896 NA 0 0 1 0 0 1 0 1051557 1053615 NA 52.88166667 0.335625708 II 1 0 0 47.5712491680004
SPBC409.13 1 159 1 0 0.717840895 5.4 17061.31 86.11366737 0.0054745 894.2 0 0 1 0 0 0 0 1165419 1166729 NA 105.4466667 0.349829431 II 1 0 0 39.4092396356428
SPBC582.03 1 482 1 0 0.258746195 12 3618.29 20.12203384 0.0006045 93.8 0 0 1 0 0 1 0 420076 423276 NA 198.6166667 0.491542488 II 1 0 0 36.3159652031357
SPBC649.05 1 548 1 0 0.333323683 0.85 NA 21.3975364 0.0047864 NA 0 0 1 0 0 0 0 541153 543168 NA 13.95666667 0.632934426 II 1 0 0 20.8225344466226
SPBC660.13c 1 609 1 0 0.135005353 2.7 9744.08 20.94446915 0.0023932 6648 0 0 1 0 0 0 0 219182 221326 NA 64.09166667 0.747117277 II 1 0 0 12.0432431613817
SPBC725.16 1 637 1 0 0.759213702 2.5 505.43 25.00947247 0.0022882 NA 0 0 1 0 0 1 0 1232588 1235587 NA 40.70333333 0.317883247 II 1 0 0 31.9321574406053
SPBC839.12 0 210 1 0 0.3830494 5.4 665.75 32.34192441 0.0027675 652.4 0 0 1 0 0 0 0 621883 623102 NA 78.27166667 0.625977636 II 1 0 0 47.642378940671
SPBP22H7.09c 2 409 1 0 0.892398919 1.3 NA 32.69671977 0.0024924 NA 0 0 1 0 0 1 0 1448815 1450155 NA 22.53666667 0.403699694 II 1 0 0 15.2505087944977
SPBP23A10.13 0 972 1 0 0.86106701 1.9 NA 24.56397372 0.0022505 NA 0 0 1 0 0 1 0 2025363 2028676 NA 30.01166667 0.284651626 II 1 0 0 18.1884224570657
SPBP35G2.09 2 182 1 0 0.604165922 1.2 2350.98 41.27865687 0.0039887 792.5 0 0 1 0 0 0 0 980867 981978 NA 26.72333333 0.290315934 II 1 0 0 80.3401827127022
SPBP4H10.21c 0 214 1 0 0.557374795 6.2 1378.02 56.17011806 0.002037 NA 0 0 1 0 0 0 0 2913472 2914333 NA 136.83 0.464458186 II 1 0 0 51.1960083056708
SPBP8B7.19 0 1019 1 0 0.296671328 4.8 12870.01 36.92113779 0.0014312 814.4 0 0 1 0 0 1 0 3671316 3674622 NA 70.88833333 0.685356838 II 1 0 0 15.297595495851
SPCC1235.10c 4 752 1 0 0.178008323 2.1 286.63 23.5493117 0.0023965 486.2 0 0 1 0 0 0 0 196513 199449 NA 36.56833333 0.534153299 III 1 0 0 29.3187567599181
SPCC1393.06c 3 413 1 0 0.728728733 2.3 2237 23.09341962 0.0038788 957.5 0 0 1 0 0 1 0 804483 806120 NA 55.18333333 0.521491501 III 1 0 0 42.0557697699045
SPCC162.08c 0 1837 1 0 0.653579988 2.9 1882.66 38.40946063 0.0027005 698.5 0 0 1 0 0 0 0 1565520 1571250 NA 35.31833333 0.434860117 III 1 0 0 20.2839652094289
SPCC1672.02c 0 254 1 0 0.508695109 18 51308.45 36.26779619 0.002296 374.2 0 0 1 0 0 1 0 561576 563819 NA 95.48666667 0.736252061 III 1 0 0 53.7223101806734
SPCC1739.07 0 133 1 0 0.304072342 3.2 2337.35 42.04110703 0.0021789 503.1 0 0 1 0 0 0 0 2041086 2042711 0.844036033 71.755 0.119443778 III 1 0 0 92.0139699872328
SPCC1739.11c 0 1045 1 0 0.296714653 2.3 1040.41 37.91771466 0.0034891 NA 0 0 1 0 0 0 0 2049130 2052636 NA 35.12333333 0.490887133 III 1 0 0 17.494381773671
SPCC1753.01c 1 279 1 0 0.675183794 4.3 11014.41 27.7895343 0.0015641 517.3 0 0 1 0 0 0 0 1538390 1542108 NA 101.52 0.541851716 III 1 0 0 17.6548148186228
SPCC290.03c 1 1647 1 0 0.335949483 2 2379.78 36.05149321 0.0022146 524.1 0 0 1 1 0 0 0 1994125 1999711 NA 26.13666667 0.44905346 III 1 0 0 18.6875588298199
SPCC320.10 3 561 1 0 0.13240135 3.8 8538.76 44.4481803 0.0028574 838.8 0 0 1 0 0 0 0 146165 148226 NA 91.40833333 0.512812279 III 1 0 0 19.3140153876306
SPCC338.13 0 738 1 0 0.814282294 1.3 2304.11 22.61238135 0.0023705 755.7 0 0 1 0 0 0 0 1351474 1354474 NA 17.78166667 0.380560558 III 1 0 0 45.5509286599995
SPCC4G3.07c 0 461 1 0 0.416545436 2.2 NA 26.67903138 0.0018959 NA 0 0 1 0 0 1 0 459847 461914 NA 39.28833333 0.52975419 III 1 0 0 44.2413021719642
SPCC4G3.18 0 828 1 0 0.394766449 2.9 7127.11 23.94449952 0.003522 733.6 0 0 1 0 0 1 0 435804 438607 NA 44.65833333 0.526413032 III 1 0 0 16.5063084431474
SPCC550.13 0 545 1 0 0.916612364 4.8 NA 19.56390404 0.0024064 170 0 0 1 0 0 1 0 1214010 1216438 NA 78.785 0.394071935 III 1 0 0 30.5760293004718
SPCC736.12c 4 488 1 0 0.305346056 2.9 9495.58 38.66407108 0.0026868 575.5 0 0 1 0 0 1 0 337088 340150 NA 30.795 0.586457175 III 1 0 0 50.6028532441995
SPCC737.08 0 4717 1 0 0.398871994 4.5 1387.92 49.9692675 0.0022591 655.5 0 0 1 0 0 1 0 1900472 1914833 NA 22.195 0.529014431 III 1 0 0 10.1176198140264
SPCC962.02c 1 997 1 0 0.494409187 2.6 NA 29.48986762 0.0032181 446.9 0 0 1 0 0 1 0 545805 549313 NA 35.77833333 0.599078381 III 1 0 0 22.3923153607979
SPCC962.06c 1 587 1 0 0.50386248 5.9 3995.79 37.78042891 0.0027403 588.3 0 0 1 0 0 0 0 556241 558287 NA 113.7666667 0.660523364 III 1 0 0 39.4369146634768
