SPAC15F9.03c 4 123 1 0 0.636514816 12 15833.72 108.1932369 0 NA 0 0 0 1 0 0 0 2400650 2401615 NA 532.25 0.527880618 I 1 0 0 32.3132307131535
SPAC17C9.13c 0 262 1 0 0.608622362 6.6 NA 22.82500356 0.0005551 NA 0 0 0 1 0 1 0 4477472 4479000 NA 147.7166667 0.453164777 I 1 0 0 50.685591722362
SPAC1805.17 1 1078 1 0 0.743429897 7.3 10775.26 30.22971494 0.0023 774.8 0 0 0 1 0 0 0 2803886 2808253 NA 85.305 0.637953631 I 1 0 0 26.1205757555266
SPAC1B1.03c 0 863 1 0 0.93898059 7.1 14378.22 39.74284128 0.0023655 597.9 0 0 0 1 0 0 0 3541416 3544320 NA 134.8666667 0.727855515 I 1 0 0 20.0081591420374
SPAC22G7.02 7 990 1 0 0.193112706 1.9 562.54 26.69475858 0.0022104 NA 0 0 0 1 0 0 0 728335 731867 1.113076004 37.24333333 0.481388286 I 1 0 0 49.9642900192338
SPAC23D3.06c 1 1325 1 0 0.679520508 5.1 3122.12 42.3854274 0.003523 740.1 0 0 0 1 0 0 0 4346357 4350846 NA 68.565 0.29737527 I 1 0 0 17.7396435319796
SPAC23D3.07 2 267 1 0 0.678677944 6.8 13567.55 51.13268351 0.0021789 808.8 0 0 0 1 0 0 0 4350803 4352369 NA 192.0666667 0.449285428 I 1 0 0 54.9516200407654
SPAC26A3.15c 1 598 1 0 0.892860609 5 39464.62 45.86479725 0.0029246 1200.8 0 0 0 1 0 0 0 3367472 3370256 NA 103.4633333 0.498204321 I 1 0 0 40.9675672890988
SPAC29A4.08c 2 488 1 0 0.245516793 4.3 5358.83 47.79206029 0.0029854 783.7 0 0 0 1 0 0 0 5133204 5135342 NA 93.15166667 0.370635745 I 1 0 0 12.5802344267005
SPAC2F3.06c 1 910 1 0 0.910034361 8.4 4705.83 28.94013749 0.0009625 910.7 0 0 0 1 0 0 0 3930533 3934174 NA 111.2 0.591521565 I 1 0 0 39.8982031216492
SPAC31A2.04c 0 194 1 0 0.103513565 3 21107.65 34.03802314 0.0014973 596.3 0 0 0 1 0 0 0 390407 391260 NA 89.355 0.551093976 I 1 0 0 42.8529334386988
SPAC3G9.12 2 1462 1 0 0.835736675 1.4 1483.06 34.17705741 0.0031931 245.8 0 0 0 1 0 0 0 3152026 3157492 NA 13.62633333 0.404820757 I 1 0 0 24.6105006756103
SPAC4A8.13c 0 272 1 0 0.682675099 3.3 21135.62 43.56780315 0.0016042 1618.2 0 0 0 1 0 0 0 2574746 2575956 NA 99.84333333 0.554409414 I 1 0 0 28.4423414050799
SPAC890.06 2 1315 1 0 0.311503398 3.8 9673.22 40.97368806 0.0001109 783.6 0 0 0 1 0 0 0 5011683 5016066 0.987235301 45.545 0.60976435 I 1 0 0 13.5036649555582
SPBC1105.07c 4 442 1 0 0.34962545 1.5 660.05 35.49551153 0.0023068 NA 0 0 0 1 0 0 0 3517625 3520192 NA 36.10333333 0.475728004 II 1 0 0 39.3996482124448
SPBC11G11.07 1 955 1 0 0.950062716 2.4 2241.38 24.66419637 0.0010689 893.8 0 0 0 1 0 0 0 1766005 1769138 NA 33.26333333 0.561396529 II 1 0 0 22.324095641561
SPBC12C2.06 0 503 1 0 0.711092282 8 20180.5 38.85264808 0.0031862 733.6 0 0 0 1 0 0 0 2464269 2466047 NA 159.6666667 0.70858952 II 1 1 0 31.4620419294669
SPBC12D12.01 0 514 1 0 0.765745819 1.6 2368.92 17.50571299 0.0048189 758 0 0 0 1 0 0 0 2303681 2306661 NA 21.85333333 0.356682877 II 1 0 0 70.0485683879261
SPBC13A2.02 0 803 1 0 0.389704687 2.6 5291.68 24.76048346 0.0041762 660.3 0 0 0 1 0 0 0 3400486 3403309 1.091851838 47.91666667 0.236946532 II 1 0 0 32.0165184256634
SPBC1604.08c 0 539 1 0 0.213040643 7 14705.91 32.62338381 0.0018924 713.6 0 0 0 1 0 0 0 3916583 3918514 0.551283659 136.15 0.606102118 II 1 0 0 33.4274800480898
SPBC16A3.05c 2 352 1 0 0.085349302 2.9 25819.87 35.02405404 0.0008271 842.7 0 0 0 1 0 0 0 4288914 4290900 NA 77.25 0.472587268 II 1 0 0 34.1273205966558
SPBC16C6.12c 0 470 1 0 0.063669762 2.2 1872.89 29.14032433 0.0015497 555.5 0 0 1 1 0 1 0 4352543 4354124 NA 41.65833333 0.535062976 II 1 0 0 31.2975875140523
SPBC1718.05 3 209 1 0 0.363496117 0.71 2040.87 13.70539484 0.0013903 629.8 0 0 0 1 0 0 0 3478461 3479741 NA 9.709833333 0.462701812 II 1 0 0 103.351192410979
SPBC17G9.04c 0 675 1 0 0.810370545 5.9 4533.41 21.76937824 0.0034553 607.6 0 0 1 1 0 0 0 2173656 2176522 NA 82.57666667 0.445759159 II 1 0 0 46.1781923538419
SPBC19G7.15 1 403 1 0 0.740713055 3.9 13658.04 38.75160889 0.0018068 828.3 0 0 0 1 0 0 0 2377928 2379664 NA 89.38 0.498619463 II 1 0 0 33.4621199237873
SPBC23G7.12c 1 403 1 0 0.828786016 8.2 20563.61 35.47696586 0.0014454 670.9 0 0 0 1 0 1 0 2121444 2122817 1.024617702 161.45 0.786164596 II 1 1 0 19.5845134197324
SPBC30B4.05 1 967 1 0 0.808843946 3 3532.18 35.21449223 0.0009049 861.9 0 0 0 1 0 0 0 1313163 1316375 NA 44.045 0.645068734 II 1 0 0 13.4001227208029
SPBC30D10.15 0 516 1 0 0.504832497 1.7 12192.58 23.75432468 0.0031061 397.4 0 0 0 1 0 1 0 3065905 3067562 NA 31.31333333 0.358900698 II 1 0 0 31.8105416283933
SPBC31E1.05 1 480 1 0 0.152267377 2.5 1174.5 28.49094992 0.002428 NA 0 0 0 1 0 0 0 247207 248977 NA 37.22833333 0.560073171 II 1 1 0 29.1730734965148
SPBC336.07 0 1339 1 0 0.611954951 1.2 NA 23.0122967 0.0041399 NA 0 0 1 1 0 1 0 2750876 2755161 NA 11.2585 0.478842625 II 1 0 0 16.0726436964777
SPBC3B9.16c 0 1136 1 0 0.178607262 2.6 1376.79 28.30751252 0.0011556 624.7 0 0 0 1 0 0 0 4015226 4018932 NA 35.69333333 0.354502793 II 1 0 0 35.4239311089604
SPCC1620.11 1 851 1 0 0.210546293 3.1 3406.23 22.51672271 0.0041123 1100.1 0 0 0 1 0 0 0 2165020 2168871 NA 55.50166667 0.49908784 III 1 1 0 19.5601090416393
SPCC1682.10 1 324 1 0 0.353886122 6.7 29123.22 40.31411244 0.0031443 634.9 0 0 0 1 0 0 0 390674 392092 NA 184.6333333 0.726108031 III 1 0 0 30.3415040887524
SPCC290.03c 1 1647 1 0 0.335949483 2 2379.78 36.05149321 0.0022146 524.1 0 0 1 1 0 0 0 1994125 1999711 NA 26.13666667 0.44905346 III 1 0 0 18.6875588298199
SPCC576.05 3 1024 1 0 0.267539656 2 NA 20.62523287 0.0032758 NA 0 0 0 1 0 0 0 2088527 2091991 NA 31.68666667 0.378712037 III 1 0 0 10.8723722984696
SPCC962.03c 0 542 1 0 0.497806068 3.2 10257.02 19.12120378 0.0029573 697.1 0 0 0 1 0 0 0 549555 552266 NA 52.79666667 0.66068623 III 1 0 0 36.5138520997276
