SPAC1002.01 1 179 1 0 0.476818574 0.46 NA 38.30908037 0.0024331 NA 0 1 0 0 0 0 0 1798347 1799015 1.042607089 6.947 0 I 0 0 0 164.109440164344
SPAC1039.07c 0 448 1 0 0.063700674 1.1 NA 22.57722957 0.0048843 NA 0 1 0 0 0 0 0 5462118 5463989 0.921876556 18.03666667 0 I 0 1 0 86.8221653257598
SPAC1071.11 0 244 1 0 0.937650305 1.4 2640.37 21.90981948 0.0029793 NA 0 1 0 0 0 0 0 3882010 3884256 0.95115891 27.765 0.305230769 I 0 0 0 62.2730002141985
SPAC10F6.17c 0 444 1 0 0.328769255 3.6 4327.91 38.55877305 0.0029525 836 0 1 0 0 0 0 0 1239971 1241970 1.049380038 57.57166667 0.424047968 I 0 0 0 113.018310042592
SPAC11E3.12 3 162 1 0 0.149618357 1.2 NA 39.73038586 0.0062693 368.4 0 1 0 0 0 0 0 5305696 5308686 1.128392114 34.61333333 0.289903549 I 0 0 0 120.915610878065
SPAC11E3.13c 0 510 1 0 0.149409791 6.7 6111.88 28.61242893 0.0031425 598 0 1 0 0 0 0 0 5306742 5309063 1.070688796 49.27666667 0.315841109 I 0 0 0 119.132544526254
SPAC11G7.05c 0 318 1 0 0.889498606 0.89 NA 23.52144496 0.0027458 NA 0 1 0 0 0 0 0 3969366 3971294 NA 18.155 0.062080473 I 0 0 0 66.9589335955517
SPAC11G7.06c 0 430 1 0 0.88761487 0.35 NA 20.32324903 0.0020513 NA 0 1 0 0 0 0 0 3971564 3974699 1.021798709 6.0965 0.099174539 I 0 0 0 58.6920888522935
SPAC1296.02 1 164 1 0 0.188579562 9.5 36444.16 89.14325565 0.0017695 671.9 0 1 0 0 0 0 0 711238 712354 0.79573412 253.4166667 0.277941992 I 0 0 0 55.8900284134401
SPAC12B10.05 11 486 1 0 0.550250916 2.4 NA 41.95656695 0.0044965 249 0 1 0 0 0 0 0 4582299 4584511 1.072297674 73.5 0.494462592 I 0 0 0 71.0118704031089
SPAC12B10.06c 1 139 1 0 0.549855359 1.7 1920.25 70.63692126 0.0031283 519.7 0 1 0 0 0 0 0 4584473 4585226 NA 46.72333333 0.403804618 I 0 0 0 95.6451531243356
SPAC139.02c 0 320 1 0 0.270246164 7.3 24785.16 39.99875825 0.0018191 859.2 0 1 0 0 0 0 0 1019248 1020838 1.098015939 138.55 0.438981021 I 0 0 0 85.2432256763734
SPAC13F5.01c 2 941 1 0 0.575104055 1.4 100 28.63301399 0.001861 859.3 0 1 0 0 0 0 0 2169036 2172310 1.042753691 17.28166667 0.461963282 I 0 0 0 58.1730014613995
SPAC13F5.03c 0 450 1 0 0.57659018 1.9 NA 51.02672292 0.0006474 NA 0 1 0 0 0 0 0 2174641 2177050 1.037087124 5.497833333 0.39061413 I 0 0 0 57.1679260440693
SPAC13F5.05 0 363 1 0 0.577792337 1.1 2760.71 25.20632054 0.0020053 817.8 0 1 0 0 0 0 0 2179175 2181507 1.058403601 15.51 0.226029353 I 0 0 0 80.2775333105177
SPAC13G6.06c 0 1031 1 0 0.048345324 10 37620.97 64.95153871 0.0025813 990.4 0 1 0 0 0 0 0 182337 186358 NA 137.4083333 0.687401974 I 0 0 0 89.6524682443424
SPAC1420.04c 0 753 1 0 0.336155866 1.6 NA NA 0.000196 NA 0 1 0 0 0 0 0 NA NA NA NA 0.564895918 I 0 0 0 0.885532585395716
SPAC1486.01 1 218 1 0 0.844562745 4.6 73053.21 61.15241636 0.0013332 707 0 1 0 0 0 0 0 3185314 3186584 0.866714026 122.05 0.389739467 I 0 0 0 54.1993319300579
SPAC1486.08 1 113 1 0 0.850440429 3.1 1958.14 57.59495576 0 NA 0 1 0 0 0 0 0 3207482 3209724 0.274659997 78.025 0.044861489 I 0 0 0 85.4181652445973
SPAC14C4.01c 0 244 1 0 0.195332541 0.85 2392.29 32.66324994 0.0029793 1319.1 0 1 0 0 0 0 0 5221803 5226054 1.043378004 15.1455 0.323792076 I 0 0 0 101.004134092627
SPAC1556.02c 1 641 1 0 0.985078384 19 51839.55 63.26085785 0.001137 1005.5 0 1 0 0 0 0 0 3796280 3798526 1.04848662 469.75 0.774902402 I 0 0 0 57.4827694284909
SPAC1556.03 2 299 1 0 0.983326317 2.4 2187.21 28.35045174 0.0029197 NA 0 1 0 0 0 0 0 3799045 3801693 1.083144087 54.30666667 0.462439111 I 0 0 0 71.1075311706252
SPAC1565.01 0 242 1 0 0.342280927 10 10670.64 57.52115383 0.0018023 913.9 0 1 0 0 0 0 0 1290931 1293853 1.09754227 130.7833333 0.293250518 I 0 0 0 110.103692236401
SPAC15E1.09 3 110 1 0 0.989267819 1.2 2799.37 48.34312929 0 719.4 0 1 0 0 0 0 0 3731077 3732340 1.060453252 54.33166667 0.166393118 I 0 0 0 110.70208186812
SPAC1610.04 0 526 1 0 0.476211397 1.2 897.44 23.94657586 0.0024931 122.8 0 1 0 0 0 0 0 1796057 1798148 1.098541165 25.35 0 I 0 0 0 66.8869175340842
SPAC167.04 3 209 1 0 0.411922247 3.5 3682.68 69.2610216 0.0007373 NA 0 1 0 0 0 0 0 1553587 1554941 1.038433201 107.5216667 0.293333333 I 0 0 0 103.267477107973
SPAC167.06c 0 121 1 0 0.410984438 0.63 5060.68 35.99802516 0.0011966 773.7 0 1 0 0 0 0 0 1550050 1550889 1.082281849 14.65833333 0.116621257 I 0 0 0 89.6970714623744
SPAC1687.23c 0 104 1 0 0.246358928 NA NA NA 0.0100186 NA 0 1 0 0 0 0 0 929156 929654 1.065791863 0.046518333 0.019597194 I 0 0 0 185.505767032406
SPAC16E8.17c 0 331 1 0 0.936540482 3.3 11711.51 47.11440811 0.0039574 764.9 0 1 0 0 0 0 0 3532213 3533673 1.079672591 69.67166667 0.551028571 I 0 0 0 92.0914491400148
SPAC1782.04 1 175 1 0 0.450830088 3.9 NA 26.70767503 0.0024884 NA 0 1 0 0 0 0 0 4763020 4764222 1.069417612 84.755 0.297148795 I 0 0 0 82.3155169530019
SPAC1782.07 3 92 1 0 0.448747745 12 12325.39 90.64074822 0 747.5 0 1 0 0 0 0 0 4767042 4767986 NA 393.6 0.466860317 I 0 0 0 58.0895319946806
SPAC1782.08c 0 540 1 0 0.447894117 2.7 NA 24.55680978 0.003508 NA 0 1 0 0 0 1 0 4767907 4769529 0.950527971 60.37666667 0.425927911 I 0 0 0 86.8784943554236
SPAC1783.01 0 583 1 0 0.57989704 2.6 474.14 29.20426857 0.0027497 NA 0 1 0 0 0 0 0 2187113 2190744 1.056243647 34.715 0.412464141 I 0 0 0 68.4582274487065
SPAC1786.04 0 111 1 0 0.804298706 0.038 NA NA 0.0013034 NA 0 1 0 0 0 0 0 3033456 3033916 0.999351422 0.266066667 0 I 0 0 0 329.213546451925
SPAC17A2.05 1 513 1 0 0.944042694 3.5 8804.05 30.81618828 0.0022721 728 0 1 0 0 0 0 0 3560508 3562931 1.071544466 57.015 0.464569209 I 0 0 0 76.8197691237167
SPAC17A2.11 0 217 1 0 0.94835418 0.037 NA NA 0.0080655 NA 0 1 0 0 0 0 0 3576769 3578782 1.036748538 0.115793333 0.005257248 I 0 0 0 214.84541843818
SPAC17A5.02c 4 478 1 0 0.465000369 1.7 1912.4 37.25869273 0.0009143 776.7 0 1 0 0 0 1 0 1753774 1755715 0.788199043 35.68666667 0.480421305 I 0 0 0 25.4957690253505
SPAC17G6.15c 5 322 1 0 0.959516687 5.8 14422.04 48.08731135 0.0017912 826.7 0 1 0 0 0 0 0 3618869 3620815 0.98648371 157.85 0.470736022 I 0 0 0 84.0305384424093
SPAC17G8.05 2 193 1 0 0.62308905 0.9 1689.38 34.68133446 0.0024196 NA 0 1 0 0 0 0 0 2350014 2351244 0.147689437 30.67666667 0.361615311 I 0 0 0 46.3422725020878
SPAC17G8.06c 0 598 1 0 0.623390252 18 42993.63 48.58058171 0.0029246 864.8 0 1 0 0 0 0 0 2351150 2353472 0.713923778 444.2166667 0.670634545 I 0 0 0 51.895335361787
SPAC17H9.12c 0 266 1 0 0.537167173 5.5 53721.42 66.19312859 0.0016403 847.6 0 1 0 0 0 0 0 2025955 2027090 1.113918363 122.1333333 0.362273782 I 0 0 0 104.22547036121
SPAC1834.10c 1 178 1 0 0.47614959 5.5 NA 40.66354194 0.0048934 NA 0 1 0 0 0 0 0 4717677 4718455 1.053083247 146.7833333 0.217186207 I 0 0 0 111.919837562809
SPAC18G6.01c 0 259 1 0 0.585697832 1.1 1528.33 31.34570702 0.001123 NA 0 1 0 0 0 0 0 2208991 2210790 1.064716325 16.92 0.001458725 I 0 0 0 111.224368613344
SPAC18G6.04c 1 488 1 0 0.587826397 5.4 11968.28 64.04910298 0.0030864 1229.5 0 1 0 0 0 0 0 2217019 2219065 1.12419957 96.85333333 0.565122058 I 0 0 0 60.4699358173311
SPAC1952.09c 0 521 1 0 0.329223785 4.2 9667.3 35.41540944 0.0013983 470 0 1 0 0 0 0 0 4981215 4984035 1.016149058 49.43833333 0.43670922 I 0 0 0 91.5730470796307
SPAC19A8.14 0 205 1 0 0.652301147 2.8 5229.56 45.34462321 0.0035433 936.2 0 1 0 0 0 0 0 2460189 2461046 1.071976564 64.48333333 0.471112485 I 0 0 0 117.923422621863
SPAC19D5.01 0 711 1 0 0.206868413 0.95 NA 24.61962709 0.0039288 NA 0 1 0 0 0 0 0 5202366 5205202 1.118427387 9.377166667 0.332052078 I 0 0 0 60.3249955411387
SPAC19G12.05 0 291 1 0 0.844753673 9.4 18488.29 44.11449824 0.0019998 4459.8 0 1 0 0 0 0 0 4050905 4052174 1.097441289 205.3166667 0.505884372 I 0 0 0 75.4302931667841
SPAC1B1.04c 7 681 1 0 0.939852909 3.1 NA 31.29972318 0.002413 NA 0 1 0 0 0 0 0 3544706 3548171 1.063293496 61.79833333 0.333055693 I 0 1 0 77.0162967893901
SPAC1B2.02c 0 421 1 0 0.744607926 2.9 6119.67 33.35299759 0.0024216 803 0 1 0 0 0 0 0 2808329 2810033 NA 62.47833333 0.421890482 I 0 0 0 37.2466431644347
SPAC1B2.04 1 140 1 0 0.746137269 5.7 33524.78 74.07819202 0.0020707 634.8 0 1 0 0 0 0 0 2814097 2815495 NA 166.25 0.185596315 I 0 0 0 55.3954751561769
SPAC1B3.04c 2 652 1 0 0.35702174 0.83 NA 23.57733058 0.0015117 NA 0 1 0 0 0 0 0 4931258 4933788 1.045226537 14.03666667 0.495670236 I 0 0 0 73.1468808764681
SPAC1F3.10c 0 762 1 0 0.168338568 0.62 NA 20.50465986 0.001722 NA 0 1 0 0 0 0 0 634898 639430 0.913719188 10.51683333 0.499020095 I 0 0 0 43.6909626712823
SPAC1F5.09c 0 589 1 0 0.072424258 0.31 NA 16.07332391 0.001732 NA 0 1 0 0 0 0 0 273152 274921 1.114621168 3.625166667 0.619844828 I 0 0 0 82.7037404670028
SPAC20G8.02 0 757 1 0 0.368717245 1.8 824.38 21.62856429 0.0013517 NA 0 1 0 0 0 0 0 1390637 1393081 0.974055687 26.59833333 0.54581028 I 0 0 0 98.6117497304141
SPAC222.12c 0 525 1 0 0.256792558 41 91271.13 88.27978541 0.0019428 642 0 1 0 0 0 0 0 968507 970412 0.152486933 928.0333333 0.86082643 I 0 0 0 36.1423666752904
SPAC227.13c 0 192 1 0 0.137189074 15 5044.94 17.84477088 0.0015128 52 0 1 0 0 0 0 0 517416 519017 1.006339057 140.2833333 0.245167557 I 0 0 0 114.892878052929
SPAC22F3.06c 0 1067 1 0 0.183880172 6 7033.46 41.44578788 0.0019137 1017 0 1 0 0 0 0 0 693514 697130 1.005187543 99.59 0.587045269 I 0 0 0 48.2087660831783
SPAC22F3.07c 2 118 1 0 0.183338751 3.8 19997.89 88.35437495 0.0049071 780.8 0 1 0 0 0 1 0 691472 692077 1.013589022 140.8666667 0.357382199 I 0 0 0 51.5092093546308
SPAC22F8.02c 0 372 1 0 0.438627025 2.3 1100.56 15.86376462 0.0027397 NA 0 1 0 0 0 0 0 4785162 4786280 0.925979251 14.01383333 0.026901408 I 0 0 0 81.7614056225397
SPAC22G7.07c 0 419 1 0 0.197938834 0.72 NA 26.84335937 0.0017674 NA 0 1 0 0 0 0 0 746537 748971 1.036303703 10.17933333 0.012429752 I 0 1 0 105.647310453425
SPAC22H10.09 0 646 1 0 0.633051522 1 NA 18.22790987 0.0038417 NA 0 1 0 0 0 0 0 2387588 2389909 0.984149774 22.855 0.040176157 I 0 0 0 41.7195681220346
SPAC22H12.03 2 270 1 0 0.237744972 0.57 2535.36 48.45363308 0.0032321 713.3 0 1 0 0 0 0 0 896668 897900 NA 12.58 0.40590082 I 0 0 0 98.6449545036332
SPAC23C11.07 0 110 1 0 0.56870298 0.077 NA NA 0.0013152 NA 0 1 0 0 0 0 0 2144894 2145226 1.092324368 1.3476 0 I 0 0 0 478.384381132663
SPAC23C4.11 2 60 1 0 0.277621638 6.8 4127.59 108.1032896 0.0023932 1610.9 0 1 0 0 0 0 0 1047065 1047741 NA 378.8166667 0.104027174 I 0 0 0 92.214419110506
SPAC23C4.12 2 400 1 0 0.278123288 1.9 1290.56 22.58947973 0.0021843 NA 0 1 0 0 0 0 0 1048957 1051136 1.091610576 34.405 0.294079141 I 0 0 0 91.3428892873721
SPAC23H3.12c 0 226 1 0 0.666847406 0.43 1035.22 11.42875832 0.0058655 NA 0 1 0 0 0 0 0 2515051 2515985 1.112260088 6.604 0.453762219 I 0 0 0 84.0370423540534
SPAC23H4.05c 0 97 1 0 0.424048814 NA NA NA 0.0044842 NA 0 1 0 0 0 0 0 1599323 1600363 NA 0.119361667 0 I 0 0 0 258.493001332491
SPAC24C9.16c 3 66 1 0 0.806762677 5.2 NA NA 0 887.1 0 1 0 0 0 0 0 NA NA NA NA 0 I 0 0 0 120.920735579024
SPAC24H6.02c 1 175 1 0 0.12947952 0.55 NA 27.1234128 0.0033179 869.9 0 1 0 0 0 0 0 488339 489482 1.016911849 12.1 0.4523125 I 0 0 0 109.141891150022
SPAC25A8.03c 0 467 1 0 0.555782046 1 NA 24.161193 0.004679 NA 0 1 0 0 0 0 0 2096162 2098083 1.080430813 19.775 0.018267687 I 0 0 0 85.1235475272481
SPAC25B8.03 0 516 1 0 0.784756849 4 757.89 32.02033155 0.0008471 219.6 0 1 0 1 0 0 0 4157827 4160623 NA 65.81 0.313707486 I 0 0 0 39.2524903360552
SPAC25B8.07c 0 113 1 0 0.780822858 0.7 1781.46 32.63079026 0.0051223 NA 0 1 0 0 0 0 0 4166006 4167734 1.101916673 19.80666667 0 I 0 0 0 58.5183901732553
SPAC25B8.18 0 121 1 0 0.767311415 0.81 NA 26.63975324 0 834.6 0 1 0 0 0 0 0 4191410 4192157 1.270021237 18.29833333 0.150395567 I 0 0 0 69.0715416608659
SPAC26A3.11 1 322 1 0 0.88991832 3.8 21271.75 47.71362396 0.0031638 755.4 0 1 0 0 0 0 0 3356375 3357902 1.052450185 75.00333333 0.393562682 I 0 0 0 76.0781443816998
SPAC27D7.06 0 341 1 0 0.58586817 5.6 13700.36 67.31695051 0.0017074 771.3 0 1 0 0 0 0 0 4519000 4520130 1.03257634 123.4666667 0 I 0 0 0 88.5074551299822
SPAC27E2.11c 0 81 1 0 0.867961511 810 NA NA 0.0053409 NA 0 1 0 0 0 0 0 4008075 4010224 0.561134031 10999.16667 0.190291719 I 0 0 0 113.143468746958
SPAC29A4.17c 1 147 1 0 0.257240209 0.52 NA 40.32598959 0.0039456 NA 0 1 0 0 0 0 0 5113027 5114151 0.980783884 10.62316667 0.212247685 I 0 0 0 114.812251471839
SPAC29E6.07 0 116 1 0 0.643932575 NA NA 27.07706361 0.0038757 NA 0 1 0 0 0 0 0 4414824 4415174 1.059987175 0.687966667 0 I 0 0 0 174.794293106166
SPAC2C4.09 2 216 1 0 0.72010186 1.5 NA 21.09076063 0.002691 579.4 0 1 0 0 0 0 0 4276009 4277492 1.08225656 41.845 0.365002927 I 0 0 0 57.2997464597917
SPAC2E1P3.01 0 348 1 0 0.774948735 1.3 NA 25.73025648 0.0055062 633 0 1 0 0 0 0 0 2922761 2924720 1.057595653 30.80333333 0.104898955 I 0 0 0 92.259844932728
SPAC31A2.06 0 542 1 0 0.105374602 1.8 357.31 22.83464517 0.003495 323.5 0 1 0 0 0 0 0 397426 402487 0.40220816 34.91166667 0.486146845 I 0 0 0 32.5333510874989
SPAC31G5.14 0 387 1 0 0.798676355 9.4 49739.86 68.89357277 0.0022575 1113.6 0 1 0 0 0 0 0 3012251 3014213 1.053407919 170.65 0.506435115 I 0 0 0 83.8939496713802
SPAC323.04 3 487 1 0 0.92077414 4.4 11322.57 48.65494488 0.0032907 1437.2 0 1 0 0 0 0 0 3912696 3914761 1.017353696 85.745 0.528891936 I 0 0 0 69.2916389418923
SPAC343.06c 0 381 1 0 0.437335114 0.88 NA 20.25325505 0.0038216 213 0 1 0 0 0 0 0 1649433 1650833 1.115716179 17.725 0.554978464 I 0 0 0 86.8160092098356
SPAC343.16 0 721 1 0 0.444307572 18 24907.16 49.39021332 0.002022 931 0 1 0 0 0 0 0 1675730 1678118 1.05013517 347.5166667 0.660866696 I 0 0 0 54.0660455863621
SPAC3A11.07 0 551 1 0 0.91651717 25 46048.16 60.4092528 0.0031736 699 0 1 0 0 0 0 0 3456694 3459197 0.736931933 352.8333333 0.35766962 I 0 0 0 89.4104993490761
SPAC3A12.08 0 214 1 0 0.380446362 0.95 1733.53 28.32231466 0.002716 476.7 0 1 0 0 0 0 0 1434874 1436105 1.066508945 19.12333333 0.299351648 I 0 0 0 89.9882957203691
SPAC3A12.12 0 286 1 0 0.382075929 1.1 3486.36 37.87701741 0.0035606 820.5 0 1 0 0 0 0 0 1441020 1442352 0.971048083 28.025 0.411227823 I 0 0 0 70.250369547426
SPAC3A12.17c 0 395 1 0 0.384945569 2.1 6960.96 28.70892809 0.0018433 2064.7 0 1 0 0 0 0 0 1451843 1453348 1.057496835 36.53166667 0.448769925 I 0 0 0 78.6189470984955
SPAC3G6.05 3 206 1 0 0.104812017 3.1 3848.15 35.80005746 0.0014105 563.9 0 1 0 0 0 0 0 5387884 5389677 1.02769388 114.215 0.298748617 I 0 0 0 112.796317290478
SPAC3G9.02 0 236 1 0 0.843266728 0.72 NA 42.23786277 0.0073917 777.8 0 1 0 0 0 0 0 3180426 3181164 NA 18.05333333 0.50369697 I 0 0 0 17.4781844256859
SPAC3G9.03 1 139 1 0 0.842979578 45 195779.12 117.7250653 0 NA 0 1 0 0 0 1 0 3179343 3180033 0.893315915 1863.166667 0.840996764 I 0 0 0 99.6922588756926
SPAC3H1.04c 1 601 1 0 0.513306451 1.3 NA 26.6394632 0.0026675 NA 0 1 0 0 0 0 0 1935963 1938311 NA 30.09833333 0.405586773 I 0 0 0 35.2831392214704
SPAC3H1.08c 1 211 1 0 0.515806747 1.7 NA 45.1801505 0.002126 728.1 0 1 0 0 0 0 0 1945393 1946312 1.125675736 38.09333333 0.369651391 I 0 0 0 120.506065573364
SPAC3H8.03 1 105 1 0 0.156617405 1.7 512.36 55.67368464 0.0013772 873.6 0 1 0 0 0 0 0 590691 592152 1.028694397 50.94 0.008943001 I 0 0 0 82.4574993470802
SPAC4A8.06c 0 578 1 0 0.677121685 1.9 1392.62 25.65819619 0.0030256 825.5 0 1 0 0 0 0 0 2553801 2555939 1.005579664 44.36333333 0.459450755 I 0 0 0 85.5455941015633
SPAC4C5.01 5 249 1 0 0.316105775 2.3 15670.8 36.99572903 0.0017518 728.7 0 1 0 0 0 0 0 1192210 1193756 0.942277553 31.34833333 0.35887907 I 0 0 0 85.5803991457431
SPAC4F10.17 0 123 1 0 0.392707594 0.095 NA 44.93826694 0.0011773 NA 0 1 0 0 0 0 0 4868326 4869283 1.071878799 2.281166667 0.083511962 I 0 0 0 86.5136680910584
SPAC4G8.07c 4 527 1 0 0.205220448 1.8 3382.66 24.91427885 0.0019465 760 0 1 0 0 0 1 0 774000 776062 1.103327972 32.37333333 0.519523025 I 0 0 0 75.6533709862004
SPAC4G8.08 2 271 1 0 0.206062806 1 4669.13 36.97372071 0.0021468 NA 0 1 0 0 0 0 0 777177 778498 1.077660134 29.44333333 0.524363636 I 0 0 0 108.287841190582
SPAC4G8.11c 2 267 1 0 0.207168451 0.35 1202.54 29.88438151 0.0005447 643 0 1 0 0 0 0 0 781347 783634 0.379855532 7.703833333 0.196579805 I 0 0 0 58.8048982489343
SPAC4G9.09c 0 885 1 0 0.601849529 8.5 26527.97 54.56643125 0.0024715 839.1 0 1 0 0 0 0 0 2269908 2272911 0.986756516 136.4833333 0.662114141 I 0 0 0 58.4046177697751
SPAC4G9.11c 0 223 1 0 0.603333003 3 5750.86 44.80402469 0.004562 668.5 0 1 0 0 0 0 0 2275503 2276260 1.111720986 70.495 0.020084211 I 0 0 0 129.220583162154
SPAC4H3.07c 3 142 1 0 0.962442029 9.7 19566.05 98.56494516 0.0016975 806.8 0 1 0 0 0 0 0 3838660 3839443 0.856646972 311.6166667 0.379106742 I 0 0 0 78.2561184697246
SPAC513.04 0 100 1 0 0.772467529 0.11 NA 42.80331279 0.0057816 NA 0 1 0 0 0 0 0 2913403 2913705 NA 0.301183333 0 I 0 0 0 159.856166962647
SPAC56F8.14c 0 131 1 0 0.30441855 0.32 NA 27.64235643 0.0022231 NA 0 1 0 0 0 1 0 1148131 1152178 1.121618081 5.071166667 0 I 0 0 0 274.409222576592
SPAC589.09 0 388 1 0 0.823501931 3.2 2332.41 30.72554779 0.0018764 451.1 0 1 0 0 0 0 0 3105882 3108318 1.027848597 60.15333333 0.399112127 I 0 0 0 100.260493501645
SPAC589.11 1 182 1 0 0.82437478 0.22 NA 21.43558997 0.0063819 NA 0 1 0 0 0 0 0 3109174 3110015 1.075033187 3.575666667 0.1921417 I 0 0 0 58.8037808161884
SPAC5D6.10c 0 135 1 0 0.396300835 NA NA NA 0.0062387 NA 0 1 0 0 0 0 0 1494670 1495830 1.040823274 0.022276667 0.015390681 I 0 0 0 205.816536068704
SPAC5D6.12 0 314 1 0 0.395674303 6.4 893.61 32.46817919 0.0069738 NA 0 1 0 0 0 0 0 1492307 1495689 NA 119.7333333 0.010331278 I 0 0 0 166.40225258583
SPAC5H10.06c 0 379 1 0 0.041476272 6.7 17567.61 29.14940515 0.0020707 692.1 0 1 0 0 0 0 0 156430 158307 1.270530151 770.2533333 0.723957591 I 0 0 0 120.360287585295
SPAC5H10.09c 0 267 1 0 0.042681876 1.6 3179.4 25.28135705 0.0021789 789.5 0 1 0 0 0 0 0 160977 161822 1.065810337 26.12 0.363 I 0 0 0 159.037360748891
SPAC637.11 0 647 1 0 0.563009971 1.1 NA 16.76688208 0.0027034 NA 0 1 0 0 0 0 0 4558823 4561448 0.778747143 21.87166667 0.353525266 I 0 0 0 50.0062881267769
SPAC644.07 0 449 1 0 0.71219211 1.9 223.51 25.06413577 0.0019465 341.1 0 1 0 0 0 0 0 2686071 2687821 0.168399427 39.12666667 0.554469592 I 0 0 0 39.9564338895785
SPAC644.11c 3 425 1 0 0.713578011 2.5 3453.45 45.00308419 0.0027415 731.3 0 1 0 0 0 0 0 2691298 2693767 1.05988931 59.15833333 0.499684434 I 0 0 0 71.4671403392522
SPAC664.12c 1 79 1 0 0.458204231 0.58 2133.03 43.44097164 0.0018248 NA 0 1 0 0 0 0 0 1728142 1730784 1.027959542 15.34666667 0.056261103 I 0 0 0 111.994073335541
SPAC664.15 0 651 1 0 0.459858456 1.7 463.49 19.39366047 0.0017912 837.1 0 1 0 0 0 0 0 1734381 1737307 1.003885299 28.04 0.321260138 I 0 0 0 58.4701101298976
SPAC683.03 0 105 1 0 0.765173749 0.045 NA NA 0.0041317 NA 0 1 0 0 0 0 0 4195642 4196021 1.167501641 0.062921667 0 I 0 0 0 167.119806829898
SPAC6B12.12 0 625 1 0 0.64518021 9.8 16491.47 53.120244 0.0009328 887.7 0 1 0 0 0 0 0 2433332 2435623 0.417969215 239.4 0.575165351 I 0 0 0 49.7795265707418
SPAC6C3.03c 1 100 1 0 0.616774942 0.24 NA NA 0.0057816 NA 0 1 0 0 0 0 0 2326200 2328187 1.044200183 2.459283333 0.010158672 I 0 0 0 216.030974930507
SPAC6C3.04 1 483 1 0 0.617190421 13 29657.6 39.08266084 0.0012319 852.2 0 1 0 0 0 0 0 2327767 2330289 1.018048072 234 0.475224465 I 0 0 0 49.0614183979694
SPAC6C3.05 0 269 1 0 0.618003348 0.18 NA NA 0.0032847 NA 0 1 0 0 0 0 0 2330833 2332240 1.070678721 3.244333333 0.178420792 I 0 0 0 103.20259642688
SPAC6F6.02c 0 348 1 0 0.724468747 0.61 NA 22.67123799 0 NA 0 1 0 0 0 0 0 2732373 2733967 1.045477714 13.01333333 0.391317655 I 0 0 0 73.557222239991
SPAC6G10.08 0 439 1 0 0.856764877 13 37620.97 68.99799039 0.0027873 912 0 1 0 0 0 0 0 3231335 3232976 0.823640072 253.0833333 0.674323627 I 0 0 0 51.1306083366519
SPAC6G9.05 1 285 1 0 0.862562753 1.3 379.21 26.86634551 0.0015313 NA 0 1 0 0 0 0 0 3253202 3254430 1.093382021 23.78166667 0.414557616 I 0 0 0 73.5676550317928
SPAC7D4.08 0 96 1 0 0.69574796 0.1 NA NA 0.00301 NA 0 1 0 0 0 0 0 2624051 2625332 1.075025536 0.363433333 0.033311328 I 0 0 0 223.33311396872
SPAC7D4.13c 1 312 1 0 0.692846238 0.76 NA 31.36679991 0.0023932 NA 0 1 0 0 0 0 0 2613107 2614473 1.10956597 20.37666667 0.01436108 I 0 0 0 55.1174396696375
SPAC823.02 1 43 1 0 0.685076761 8.6 NA 112.21934 0.0066357 NA 0 1 0 0 0 0 0 2583804 2583973 1.044860851 422.2666667 0.465940945 I 0 0 0 113.968043740429
SPAC823.13c 0 317 1 0 0.690445106 2 139.25 25.85338571 0.0018363 NA 0 1 0 0 0 0 0 2604051 2605296 1.056132244 48.74166667 0.415250278 I 0 0 0 73.4277792067591
SPAC824.03c 0 247 1 0 0.447759995 2.2 NA 21.50597787 0.0017683 NA 0 1 0 0 0 0 0 1688751 1690187 0.970442132 41.77166667 0.201135021 I 0 0 0 63.66806742632
SPAC869.06c 0 203 1 0 0.041957779 NA NA 208.9609317 0 NA 0 1 0 0 0 0 0 5502560 5503291 1.103506549 0.210431667 0 I 0 0 0 13.2339941501864
SPAC8E11.10 0 255 1 0 0.894259767 16 26637.69 32.51912803 0.0011405 648.1 0 1 0 0 0 0 0 3372749 3375005 1.033431497 324.0333333 0.173070774 I 0 0 0 110.640960102459
SPAC8F11.05c 1 241 1 0 0.75853322 0.056 NA NA 0.0006032 NA 0 1 0 0 0 0 0 NA NA NA NA NA I 0 0 0 89.0477648437223
SPAC8F11.05c 1 241 1 0 0.75853322 0.056 NA NA 0.0006032 NA 0 1 0 0 0 0 0 2860849 2861815 1.048149836 1.5484 0.438257492 I 0 0 0 89.0477648437223
SPAC9.12c 1 291 1 0 0.394221321 1.9 1682.55 36.55599317 0.0030414 784.1 0 1 0 0 0 0 0 1486827 1488388 0.9152737 41.85166667 0.248504208 I 0 0 0 59.2620856268696
SPAC9G1.04 2 374 1 0 0.523713037 1.2 3196.2 32.17115312 0.0007786 653.1 0 1 0 0 0 0 0 1975212 1976603 1.011012957 31.65 0.38055176 I 0 0 0 70.3658060610006
SPACUNK4.19 0 109 1 0 0.762273588 0.23 NA NA 0.0132714 NA 0 1 0 0 0 0 0 2874956 2877487 1.117046917 1.148783333 0.031615548 I 0 0 0 201.924686941364
SPAP14E8.04 0 337 1 0 0.510824981 0.54 NA 26.32940005 0.0034553 NA 0 1 0 0 0 0 0 1926604 1927914 1.124060676 10.02866667 0.504567506 I 0 0 0 91.1338666574239
SPAP27G11.02 0 356 1 0 0.427217799 1.8 2380.77 54.80059853 0.0036803 626.6 0 1 0 0 0 0 0 1611275 1612704 1.06257544 35.11833333 0.420532558 I 0 0 0 81.2918913393268
SPAP27G11.14c 0 689 1 0 0.433698152 0.79 NA 21.19511148 0.0049209 NA 0 1 0 0 0 0 0 1635716 1638440 NA 14.99 0 I 0 0 0 53.3244975299253
SPAP8A3.14c 0 677 1 0 0.128939316 1.2 823.82 25.45051427 0.0034451 NA 0 1 0 0 0 0 0 5343695 5346065 NA 22.41 0 I 0 0 0 45.3970838274354
SPAPB17E12.03 2 343 1 0 0.33717693 0.5 520.66 20.59123071 0.0012731 NA 0 1 0 0 0 0 0 1271681 1273892 1.058290016 8.786166667 0.547346993 I 0 0 0 41.8478199589378
SPAPB17E12.12c 0 317 1 0 0.340548485 0.55 NA 24.89390731 0.0013772 NA 0 1 0 0 0 0 0 1284397 1285586 1.153228879 11.37166667 0.517050895 I 0 0 0 106.731977471195
SPAPB1A10.03 1 115 1 0 0.494057092 0.49 NA 35.39211966 0.0012585 NA 0 1 0 0 0 0 0 1863363 1863762 1.035875771 16.66 0.175756757 I 0 0 0 129.163782905819
SPAPB1A10.12c 1 461 1 0 0.499621111 6.6 13551.37 58.59901174 0.0031599 1042.5 0 1 0 0 0 0 0 1884348 1886451 0.9957421 108.0166667 0.414596679 I 0 0 0 107.431853652654
SPAPB1E7.11c 1 319 1 0 0.879421586 1.9 NA 32.70247511 0.0041058 675.8 0 1 0 0 0 0 0 3316786 3319038 1.065067152 38.27833333 0.193551675 I 0 0 0 61.629412615959
SPAPB2B4.06 3 255 1 0 0.721895537 0.7 NA 40.70454109 0 NA 0 1 0 0 0 0 0 2722668 2724062 1.110688116 23.82666667 0.315350459 I 0 0 0 85.6462359769769
SPAPB8E5.10 2 73 1 0 0.360147468 0.049 NA NA 0 NA 0 1 0 0 0 0 0 4926480 4928138 1.029148827 3.0118 0.43475969 I 0 0 0 49.3090591764228
SPAPJ691.03 2 86 1 0 0.215032925 4.9 NA 83.76757823 0.001678 864 0 1 0 0 0 0 0 5189537 5190444 1.054191169 152.145 0.254321205 I 0 0 0 124.469504452194
SPBC106.07c 0 167 1 0 0.236753052 5.6 NA 45.40736522 0.0043448 NA 0 1 0 0 0 0 0 384370 387219 NA 121.8833333 0.419243927 II 0 0 0 49.4750162592465
SPBC106.17c 0 504 1 0 0.252983358 15 40045.98 27.8220363 0.0028908 807.5 0 1 0 0 0 0 0 410720 412795 0.672236744 124.5066667 0.679944253 II 0 0 0 69.4763443697004
SPBC115.02c 0 454 1 0 0.392588632 1 1831.41 30.5969343 0.004171 NA 0 1 0 0 0 0 0 637370 639291 1.038495433 19.98833333 0.580334619 II 0 0 0 75.0431274253372
SPBC1198.12 1 421 1 0 0.119912091 0.063 NA NA 0.0024216 NA 0 1 0 0 0 0 0 194678 195989 1.040981019 0.253583333 0.498796664 II 0 0 0 72.1952038599599
SPBC11B10.10c 0 139 1 0 0.925283307 3.9 NA 33.46936253 0.0020707 287.9 0 1 0 0 0 1 0 1502203 1503468 0.84228764 68.01666667 0.296195283 II 0 0 0 102.0251049809
SPBC11C11.06c 0 178 1 0 0.404494328 14 17226.16 44.86346482 0.0032744 364.6 0 1 0 0 0 0 0 3359121 3360178 1.103760624 337.2166667 0.222194143 II 0 0 0 159.72521988196
SPBC1215.01 1 290 1 0 0.927111449 1.3 3942.26 44.37411904 0.0040133 NA 0 1 0 0 0 0 0 1505171 1509451 1.035349729 24.635 0.475113413 II 0 0 0 25.3942655016113
SPBC1271.11 4 258 1 0 0.212408824 0.63 171.49 38.56913065 0.0050729 NA 0 1 0 0 0 0 0 344847 346528 1.100677559 18.42333333 0.584076336 II 0 0 0 91.5102108379515
SPBC1271.14 0 445 1 0 0.207175705 3.9 18718.42 51.47178751 0.0026186 1027.1 0 1 0 0 0 0 0 336351 338426 1.019013867 63.89333333 0.664454939 II 0 0 0 55.4773794593876
SPBC1271.15c 0 686 1 0 0.205431332 1.1 470.64 22.23914361 0.0053383 899 0 1 0 0 0 0 0 333519 336676 NA 17.36333333 0.55824894 II 0 0 0 61.6915893655089
SPBC1289.06c 1 481 1 0 0.04948877 2.2 3687.45 23.49210443 0.0006057 676.1 0 1 0 0 0 0 0 4393610 4395480 0.70367145 46.32333333 0.287552783 II 0 0 0 56.3782768785421
SPBC1289.09 0 223 1 0 0.047801356 6.1 4263.44 31.44390819 0.0013034 617.9 0 1 0 0 0 0 0 4399249 4400401 1.01051346 111.91 0.345126009 II 0 0 0 145.63132504559
SPBC12C2.01c 0 318 1 0 0.705636392 1.2 NA 23.54004172 0.0018305 NA 0 1 0 0 0 0 0 2480502 2481958 0.813701947 25.43833333 0.065410106 II 0 0 0 59.839089541131
SPBC12D12.05c 1 426 1 0 0.762527355 2.5 NA 27.75566802 0.0041026 NA 0 1 0 0 0 0 0 2314207 2316047 1.068651001 58.59166667 0.529619437 II 0 0 0 95.3000933082044
SPBC12D12.07c 1 133 1 0 0.761658445 2.1 7192.4 58.66240663 0.0047864 636.4 0 1 0 0 0 0 0 2317361 2318581 0.700498201 62.94 0.173072765 II 0 0 0 58.1818841918104
SPBC1347.11 0 106 1 0 0.156570419 8.4 NA 17.76165622 0.0027287 NA 0 1 0 0 0 0 0 4081869 4083198 1.059965164 149.3333333 0.039152154 II 0 0 0 316.435082181549
SPBC13E7.04 0 167 1 0 0.511654845 4.3 48842.07 73.05400735 0.0018135 654.1 0 1 0 0 0 0 0 3046543 3047666 NA 115.8666667 0.254278947 II 0 0 0 60.330058741597
SPBC13E7.11 0 298 1 0 0.507344243 1.1 2482.97 33.21138108 0.0024412 NA 0 1 0 0 0 0 0 3058889 3060237 0.919414868 20.62833333 0.434128492 II 0 0 0 110.907868939393
SPBC146.02 0 263 1 0 0.6163907 0.42 NA 25.32075662 0.0022119 NA 0 1 0 0 0 0 0 1000714 1002162 1.026818744 7.1815 0 II 0 0 0 99.539607254312
SPBC15D4.12c 1 113 1 0 0.516982489 0.2 NA 24.01718132 0.0012806 NA 0 1 0 0 0 0 0 3031750 3032129 1.149225362 4.658666667 0.389789617 II 0 0 0 31.1579300869301
SPBC1604.02c 0 697 1 0 0.20831033 1.7 259.64 22.90247671 0.0039738 NA 0 1 0 0 0 0 0 3928130 3932309 0.804413773 28.97833333 0.402972914 II 0 0 0 83.1736480832926
SPBC1604.04 2 283 1 0 0.21067703 7.5 3406.23 44.81378471 0.0023172 2773.1 0 1 0 0 0 0 0 3923954 3925407 1.081752296 80.11333333 0.336270597 II 0 0 0 96.9764761615217
SPBC1604.07 1 244 1 0 0.212504346 11 27661.12 64.87283453 0.0017876 711.3 0 1 0 0 0 0 0 3918404 3920078 0.157073042 289.4833333 0.313141494 II 0 0 0 143.301112378098
SPBC1604.11 1 96 1 0 0.215063755 6.2 33579.55 74.54315747 0.001505 NA 0 1 0 0 0 0 0 3911713 3912614 NA 189.5666667 0.175860353 II 0 0 0 113.364369697458
SPBC16A3.03c 0 658 1 0 0.083591937 1.4 NA 21.4115884 0.0037659 NA 0 1 0 0 0 0 0 4293219 4296025 0.925014642 22.64333333 0 II 0 0 0 57.5186065665386
SPBC16A3.19 2 272 1 0 0.095435034 1.5 581.01 26.16477617 0 NA 0 1 0 0 0 1 0 4259812 4261487 0.932239226 34.46666667 0.057625624 II 0 0 0 116.884489304192
SPBC16C6.05 1 190 1 0 0.069719898 4.1 3921.17 69.92173413 0.002293 815.1 0 1 0 0 0 0 0 4335569 4336480 1.014538126 113.2283333 0.442390766 II 0 0 0 135.725831818067
SPBC16C6.08c 4 214 1 0 0.066589903 25 39195.05 73.45022763 0.0027202 1222.4 0 1 0 0 0 0 0 4344357 4345608 1.137460634 938.5833333 0.37125884 II 0 0 0 114.34227320603
SPBC16E9.03c 0 249 1 0 0.897702841 0.44 1559.11 23.93791464 0.0052555 684.1 0 1 0 0 0 0 0 1920391 1921835 1.070098631 11.775 0.187473189 II 0 0 0 113.968043740429
SPBC16E9.07 0 313 1 0 0.895470216 0.37 NA 19.92241904 0.0051141 NA 0 1 0 0 0 0 0 1926374 1928346 0.964383547 8.666833333 0.008096585 II 0 0 0 43.6437854049059
SPBC16E9.18 0 437 1 0 0.885517529 2.7 851.73 33.30891991 0.0016665 NA 0 1 0 0 0 0 0 1955636 1957371 0.997427413 65.32833333 0.443499685 II 0 0 0 63.8626614789716
SPBC16G5.03 0 268 1 0 0.109765532 0.64 NA 22.44543681 0.0032562 NA 0 1 1 0 0 1 0 4218442 4219695 1.094830912 14.22666667 0.188336207 II 0 0 0 199.994427279744
SPBC16G5.07c 2 354 1 0 0.107686526 1.8 3836.31 36.44481486 0.0020561 708.3 0 1 0 0 0 0 0 4223952 4225758 1.153409146 41.23333333 0.37775525 II 0 0 0 103.645536919445
SPBC16H5.06 0 228 1 0 0.771397505 19 41004.66 72.33648654 0.0019125 NA 0 1 0 0 0 0 0 2288882 2290179 1.056434669 449.6 0.469179226 II 0 0 0 87.0711171360491
SPBC1703.08c 4 204 1 0 0.551560917 1 NA 51.63297087 0.0049849 720.4 0 1 0 0 0 0 0 2929485 2931288 1.035411839 26.94833333 0.448659546 II 0 0 0 81.7416770976405
SPBC1703.09 1 202 1 0 0.551100402 0.93 NA 24.08337763 0.0014383 NA 0 1 0 0 0 0 0 2931361 2932631 NA 20.84333333 0.017616702 II 0 0 0 67.7491649125723
SPBC1703.13c 0 311 1 0 0.548137399 14 61217.24 61.5536806 0.0009358 1587.5 0 1 0 0 0 0 0 2939886 2941272 0.548090087 271.15 0.604727051 II 0 0 0 62.8590868503446
SPBC1709.09 0 244 1 0 0.688854861 0.55 4779.56 38.24335099 0.0035752 761.6 0 1 0 0 0 0 0 1118360 1119457 0.625357832 12.71666667 0.151861357 II 0 0 0 87.2463318049325
SPBC1709.19c 0 260 1 0 0.700097197 3.5 4142.58 44.83930832 0.0039153 561.8 0 1 0 0 0 0 0 1136612 1137771 1.09485821 84.75666667 0.4482 II 0 0 0 53.8182428774246
SPBC1734.13 1 301 1 0 0.668821674 15 7266.07 76.1681238 0.0014502 792 0 1 0 0 0 0 0 1085836 1087137 0.969808544 384.4 0.51975021 II 0 0 0 33.0680447787555
SPBC17A3.02 4 119 1 0 0.864256122 1.4 2223.47 48.48805732 0 NA 0 1 0 0 0 0 0 1403125 1404185 1.127759759 55.11333333 0.291223275 II 0 0 0 73.0426670532436
SPBC18E5.10 1 452 1 0 0.838025469 0.59 NA NA 0.0022558 NA 0 1 0 0 0 0 0 2092713 2095872 0.986544183 11.1305 0.485103981 II 0 0 0 68.8056016534163
SPBC18E5.13 0 233 1 0 0.83666724 1.1 306.37 39.72090789 0.0056148 233.9 0 1 0 0 0 0 0 2098755 2099833 NA 26.97833333 0.00975 II 0 0 0 87.7850856944091
SPBC18H10.11c 0 432 1 0 0.942630348 0.31 NA 31.08587044 0.0077544 NA 0 1 0 0 0 0 0 1789291 1790813 0.54113178 6.932333333 0.004814419 II 0 0 0 48.7650526400827
SPBC1921.04c 0 117 1 0 0.729812934 NA NA NA 0.0012407 NA 0 1 0 0 0 0 0 2410996 2411452 1.055369316 0.058065 0.399144254 II 0 0 0 226.107278609749
SPBC19C7.09c 0 599 1 0 0.582608499 1.5 NA 19.72664914 0.0046229 NA 0 1 0 0 0 1 0 2837572 2840744 1.195083923 30.50833333 0.206670626 II 0 0 0 89.8949534353453
SPBC19F8.04c 0 230 1 0 0.447139833 1.1 NA 28.00114649 0.0037918 NA 0 1 0 0 0 0 0 3234645 3235811 1.101898097 24.86666667 0.266859966 II 0 0 0 82.0878083306049
SPBC19G7.07c 1 687 1 0 0.746223123 2 NA 30.10958572 0.0044559 682.6 0 1 0 0 0 0 0 2359374 2363595 1.022281325 41.66333333 0.139493025 II 0 0 0 27.2787872472024
SPBC19G7.18c 2 252 1 0 0.742919962 0.86 NA 45.0730712 0.0046161 NA 0 1 0 0 0 0 0 2372008 2373228 1.013178036 27.03333333 0.011081155 II 0 0 0 85.5097388879638
SPBC1E8.05 0 317 1 0 0.880227261 33 NA 26.042619 0.0037755 NA 0 1 0 0 0 0 0 1970612 1972799 NA 612.6 0.316297756 II 0 0 0 85.5975709384999
SPBC21.07c 1 461 1 0 0.449562768 0.32 NA 20.64527503 0.0012639 NA 0 1 0 0 0 0 0 3226567 3228745 1.071224678 6.813666667 0.193352437 II 0 0 0 71.6259313191976
SPBC215.08c 0 1160 1 0 0.169505311 37 59302 47.00489056 0.0013832 925.7 0 1 0 0 0 0 0 4041439 4045476 1.003566447 383.9666667 0.445262997 II 0 0 0 48.2471617672801
SPBC21B10.12 1 182 1 0 0.991028009 0.38 NA 31.78018658 0.0031909 NA 0 1 0 0 0 0 0 1648948 1649671 1.068250592 12.83333333 0.201814286 II 0 0 0 31.2205276360751
SPBC21C3.03 1 692 1 0 0.252146728 1.3 NA 21.02770318 0.0028116 NA 0 1 0 0 0 0 0 3801900 3804469 1.095626395 16.68666667 0.376070285 II 0 0 0 108.055304765569
SPBC21D10.12 1 466 1 0 0.726035542 6.3 5939.25 48.11317383 0.001563 792.8 0 1 0 0 0 0 0 2420263 2422468 1.060419802 153.2833333 0.411239963 II 0 0 0 89.7783924700465
SPBC25B2.04c 1 328 1 0 0.663136963 0.59 304.43 23.12752363 0.0035498 NA 0 1 0 0 0 0 0 2604587 2605899 0.650906082 15.55833333 0.433568182 II 0 0 0 46.7271872660046
SPBC25B2.11 2 463 1 0 0.658481403 0.74 NA 16.06090134 0.0028316 NA 0 1 0 0 0 0 0 2617862 2619476 1.085417014 14.71833333 0.429317851 II 0 0 0 81.3105341305982
SPBC25D12.05 0 548 1 0 0.279349367 2.8 10185.03 32.58941758 0.0026591 729 0 1 0 0 0 1 0 3723013 3725138 1.072591748 58.80166667 0.554220723 II 0 0 0 62.2732255307924
SPBC25D12.06 0 585 1 0 0.278240427 1.4 231.87 26.1778063 0.0012896 NA 0 1 0 0 0 0 0 3725278 3728372 0.1438493 27.985 0.306343962 II 0 0 0 73.3806090283464
SPBC25H2.08c 0 422 1 0 0.434805359 0.88 NA 23.11640844 0.0041414 NA 0 1 0 0 0 0 0 3269923 3271782 0.94535867 14.15733333 0.380821674 II 0 0 0 42.8231179884884
SPBC26H8.12 0 377 1 0 0.192521135 2.9 32068.89 29.97723787 0.0034758 580.7 0 1 0 0 0 0 0 3976620 3978355 NA 58.13833333 0.118804394 II 0 0 0 122.145090401528
SPBC27B12.07 2 290 1 0 0.821677284 2 NA 24.81475492 0.0025083 469.1 0 1 0 0 0 0 0 1333998 1335608 1.095437205 46.52666667 0.359835135 II 0 0 0 84.1849609255805
SPBC27B12.09c 0 277 1 0 0.826360974 0.96 NA 30.01768838 0.0021005 NA 0 1 0 0 0 0 0 1341602 1343112 0.324604218 19.13333333 0.409922525 II 0 0 0 19.2335216107275
SPBC27B12.14 2 72 1 0 0.830439185 2.9 NA 53.64284954 0 2156.6 0 1 0 0 0 0 0 1348223 1349882 1.039299277 131.3666667 0.031947498 II 0 0 0 76.5126826450134
SPBC28E12.04 0 356 1 0 0.924048571 1.1 NA 25.47201971 0.0024535 NA 0 1 0 0 0 0 0 1843288 1845003 1.066928278 23.23 0.046074045 II 0 0 0 29.4808556554657
SPBC29A10.13 0 175 1 0 0.676014934 8.8 14159.63 65.76702122 0.0016589 677.2 0 1 0 0 0 0 0 2567522 2568343 0.209455458 251.1 0.493297218 II 0 0 0 86.4234557155724
SPBC29A3.10c 4 103 1 0 0.851112952 5.7 14845.03 88.8967792 0.0014037 515.8 0 1 0 0 0 0 0 2056588 2057705 NA 225.75 0.351772118 II 0 0 0 69.3186670335344
SPBC29A3.11c 0 297 1 0 0.850442925 1.8 869.45 27.1569301 0.0029393 NA 0 1 0 0 0 0 0 2057656 2059659 1.10350067 19.065 0.313092777 II 0 0 0 84.3259893388789
SPBC29A3.18 1 307 1 0 0.845270957 17 25648.78 53.50993069 0.000474 811.6 0 1 0 0 0 0 0 2073253 2074742 1.126152193 351.45 0.575490196 II 0 0 0 47.6779064417453
SPBC2A9.07c 3 246 1 0 0.54158217 2.2 1328.87 46.36836386 0.0044746 3139 0 1 0 0 0 1 0 2958679 2960389 1.075762641 48.08 0.26515739 II 0 0 0 100.653639513594
SPBC2D10.07c 2 157 1 0 0.535039629 1.7 NA 30.45786906 0.0036958 NA 0 1 0 0 0 0 0 2978736 2979469 NA 64.525 0.577180952 II 0 0 0 80.6540424593558
SPBC2F12.12c 4 517 1 0 0.968647923 1 614.18 29.07963573 0.0025496 NA 0 1 0 0 0 1 0 1712841 1714938 0.582402689 19.65166667 0.352459755 II 0 0 0 27.1912952574214
SPBC2G2.08 1 972 1 0 0.372745858 5.2 11996.19 42.14657493 0.003311 983 0 1 0 0 0 0 0 3448865 3452766 1.18330707 88.59 0.563470916 II 0 0 0 62.6178428148406
SPBC2G2.15c 4 218 1 0 0.368798045 0.39 NA 29.11482796 0.0026664 NA 0 1 0 0 0 0 0 3462585 3464279 1.095745903 9.103 0.330503443 II 0 0 0 92.0784096427914
SPBC30B4.06c 0 666 1 0 0.810726908 1.9 215.89 41.28683751 0.0037208 208.4 0 1 0 0 0 0 0 1316220 1318472 0.614879244 31.125 0.505793337 II 0 0 0 53.9854544620416
SPBC30D10.04 1 181 1 0 0.496588826 1 NA 37.66579205 0.0016042 473.7 0 1 0 0 0 0 0 3090859 3091603 0.798943542 25.575 0.369876304 II 0 0 0 65.0153269660163
SPBC30D10.13c 0 366 1 0 0.503304532 13 63024.32 62.67605998 0.0007956 746.1 0 1 0 0 0 0 0 3070316 3072018 1.16595237 268.2 0.506410144 II 0 0 0 55.6195581117248
SPBC31F10.15c 1 67 1 0 0.258984164 6.3 15789.25 75.13492649 0.0042937 859.7 0 1 0 0 0 0 0 3783856 3784529 1.061838248 256.8166667 0.276425121 II 0 0 0 70.2671420358067
SPBC336.13c 2 180 1 0 0.60849097 1.4 NA 33.50744698 0 NA 0 1 0 0 0 0 0 2764129 2765263 0.753669449 31.54 0.28661991 II 0 0 0 108.11065529562
SPBC365.02c 0 387 1 0 0.698528065 0.99 NA 24.38035352 0.0007525 NA 0 1 0 0 0 0 0 2501202 2502688 NA 19.14333333 0.518865337 II 0 0 0 51.3933455857048
SPBC365.16 0 277 1 0 0.688403586 8.4 4229.37 21.71847827 0.0021005 NA 0 1 0 0 0 0 0 2529641 2532214 0.895329645 42.64 0.268604307 II 0 0 0 84.4699693958025
SPBC36B7.04 0 399 1 0 0.736826963 1.7 1685.7 39.2630213 0.0025547 NA 0 1 0 0 0 1 0 2389462 2390997 1.114028348 36.55 0.596863004 II 0 0 0 96.7046551703724
SPBC3B9.04 0 248 1 0 0.186266973 0.84 NA 30.22376029 0.0011726 NA 0 1 0 0 0 0 0 3995407 3996594 1.040308651 26.33666667 0.43559204 II 0 0 0 187.548422148601
SPBC3E7.05c 2 550 1 0 0.642021494 4.2 11405.23 35.70187921 0.0021196 753 0 1 0 0 0 0 0 2665294 2667478 0.898489362 104.51 0.133485043 II 0 0 0 63.0547834170284
SPBC3E7.16c 0 584 1 0 0.634063117 37 36174.77 42.64238317 0.0019964 747.7 0 1 0 0 0 0 0 2688416 2690687 1.101667523 422.15 0.645320694 II 0 0 0 73.9053335288578
SPBC3H7.05c 0 357 1 0 0.9135373 1.9 NA 28.46173767 0.0004078 NA 0 1 0 0 0 0 0 1873513 1875657 1.014459291 36.66833333 0.016835637 II 0 0 0 92.3315309039267
SPBC3H7.08c 2 120 1 0 0.915369417 0.34 NA 58.88824366 0.002413 NA 0 1 0 0 0 0 0 1868936 1870314 NA 5.6525 0.18046627 II 0 0 0 116.300481344979
SPBC4.06 0 462 1 0 0.736669282 7.3 16332.07 42.58059926 0.0015765 985.4 0 1 0 0 0 0 0 1195987 1197756 1.125565981 123.25 0.533571751 II 0 0 0 88.1767821155545
SPBC428.10 0 845 1 0 0.283849274 1.2 589.49 25.55041653 0.0064063 NA 0 1 0 0 0 0 0 460831 464017 1.062288027 20.39166667 0 II 0 0 0 95.9170440990813
SPBC428.17c 2 602 1 0 0.292314288 1.1 NA 22.78069432 0.002421 NA 0 1 0 0 0 1 0 474574 476783 1.048355505 22.87333333 0.5075 II 0 0 0 87.1806830322083
SPBC4B4.02c 0 573 1 0 0.38559331 1 282.47 25.79275654 0.0025433 NA 0 1 0 0 0 0 0 3412999 3415299 1.010289323 18.77333333 0.360546066 II 0 0 0 85.6039847593977
SPBC4B4.11 1 113 1 0 0.377977834 1.1 1085.39 48.10508734 0.0038417 348 0 1 0 0 0 0 0 3433534 3437508 NA 31.95166667 0.354256425 II 0 0 0 114.812251471839
SPBC4F6.08c 2 55 1 0 0.630323787 1.9 NA NA 0 NA 0 1 0 0 0 0 0 2700735 2701592 0.972064943 80.035 0.193267066 II 0 0 0 81.5427922385222
SPBC530.10c 0 322 1 0 0.499573146 48 27770.59 41.2153088 0.0018079 1823.2 0 1 0 0 0 0 0 811060 812897 NA 833.4 0.273482619 II 0 0 0 85.500146464679
SPBC543.09 0 773 1 0 0.075758719 4.9 5115.41 40.31470759 0.0013203 809.2 0 1 0 0 0 0 0 4315809 4318869 0.410628462 79.20666667 0.473022931 II 0 0 0 48.877724664894
SPBC56F2.12 0 404 1 0 0.154858317 110 318706.4 75.85951531 0.0018023 844.2 0 1 0 0 0 0 0 4086673 4088191 0.590440076 2504.333333 0.795711368 II 0 0 0 105.581542972169
SPBC582.09 3 238 1 0 0.267822232 5.2 17725.63 88.05479912 0.0018325 1169.7 0 1 0 0 0 0 0 434811 436173 1.074476089 191.4666667 0.566155738 II 0 0 0 53.6997874639013
SPBC609.02 0 348 1 0 0.472126991 0.27 NA 28.96338289 0.0020915 NA 0 1 0 0 0 0 0 3161728 3162941 1.238789945 5.789166667 0.333339266 II 0 1 0 86.8894201315917
SPBC660.08 1 424 1 0 0.129199399 2.2 NA 19.10941119 0.0055298 NA 0 1 0 0 0 0 0 209756 211172 NA 38.93833333 0.631218487 II 0 0 0 93.4318119114076
SPBC660.10 1 813 1 0 0.130812575 1.2 NA 25.23303197 0.0034075 NA 0 1 0 0 0 0 0 212375 214899 1.016588364 15.64 0.515465416 II 0 0 0 46.0385760852425
SPBC691.04 0 535 1 0 0.880009067 2.6 3969.4 26.36817351 0.0040854 1574.3 0 1 0 0 0 0 0 1428700 1430679 0.198116929 34.46833333 0.044566986 II 0 0 0 36.9660658147967
SPBC713.03 1 526 1 0 0.536597339 6.2 20950.7 45.60542576 0.0013895 985.1 0 1 0 0 0 0 0 871169 873408 1.088942945 122.1816667 0.148601481 II 0 0 0 73.5195639307676
SPBC713.08 0 71 1 0 0.543424539 2 NA 33.91506469 0.0020276 NA 0 1 0 0 0 0 0 882253 883915 0.44824869 54.35 0.078344242 II 0 0 0 92.555727377892
SPBC725.14 0 500 1 0 0.75709791 3.5 2293.21 34.18060812 0.0014569 NA 0 1 0 0 0 0 0 1229153 1230915 0.976956408 75.20166667 0.508245627 II 0 0 0 58.0003751940481
SPBC776.15c 2 452 1 0 0.456430379 9.7 9483.13 48.85903703 0.0009668 1061 0 1 0 0 0 0 0 3206576 3208717 1.008835806 209.7833333 0.496178227 II 0 0 0 36.1803313461678
SPBC800.14c 0 160 1 0 0.16608254 1.1 2109.93 38.50023156 0.0063472 NA 0 1 0 0 0 0 0 269636 270292 NA 24.91 0.392619048 II 0 0 0 142.532332734732
SPBC83.13 0 293 1 0 0.944406119 5.1 2843.3 42.99485555 0.0019862 923.7 0 1 0 0 0 0 0 1533249 1534551 0.875653031 145.4833333 0.559906349 II 0 0 0 82.6066659668836
SPBC83.19c 0 119 1 0 0.949458764 0.059 NA NA 0 NA 0 1 0 0 0 1 0 1541452 1541903 1.086557604 0.057125 0.062571111 II 0 0 0 238.133818041702
SPBC887.18c 3 339 1 0 0.329205383 1.7 961.67 19.08405586 0.0017175 NA 0 1 0 0 0 1 0 3578033 3579743 0.245461211 32.03666667 0.40606955 II 0 0 0 47.1813935219971
SPBC8D2.12c 2 293 1 0 0.850039359 1.5 5536.98 32.76561465 0.0014896 653.1 0 1 0 0 0 0 0 1380044 1381896 1.079789581 29.76666667 0.331097679 II 0 0 0 55.7641804234513
SPBC8E4.02c 0 129 1 0 0.032785744 1.3 NA 13.04907884 0.0112296 NA 0 1 0 0 0 0 0 4442574 4444191 1.070428778 27.46 0 II 0 0 0 353.244585511897
SPBC902.05c 4 379 1 0 0.302970238 5.6 16619.44 38.27655299 0.0003852 930.9 0 1 0 0 0 0 0 491874 493812 1.093595455 147.05 0.381864143 II 0 0 0 54.956225320939
SPBC947.14c 1 103 1 0 0.396746301 5.1 4098.88 29.96113568 0 640.9 0 1 0 0 0 0 0 644120 645012 NA 166.9 0.48472381 II 0 0 0 81.9628334975336
SPBC947.15c 0 551 1 0 0.39500008 4.9 12057.29 40.41133348 0.0018513 842.5 0 1 0 0 0 0 0 641285 643906 1.026197487 103.2616667 0.521610347 II 0 0 0 73.4818114039589
SPBC9B6.09c 0 726 1 0 0.928829633 1.5 789.82 35.1833195 0.0032129 NA 0 1 0 0 0 0 0 1828456 1831060 1.084227273 30.135 0.287251124 II 0 0 0 54.954520558138
SPBP16F5.08c 0 447 1 0 0.900189212 12 24647.04 33.00148804 0.0013034 883.4 0 1 0 0 0 0 0 1911887 1914584 1.046476419 167.6083333 0.313728362 II 0 0 0 155.590175850227
SPBP22H7.04 1 255 1 0 0.885717084 0.53 NA 23.85444336 0.0017108 NA 0 1 0 0 0 0 0 1437967 1440557 1.074271479 10.27366667 0.32410514 II 0 0 0 50.2663634748621
SPBP23A10.03c 1 115 1 0 0.870604787 1.6 1370.11 27.96226433 0.0035996 NA 0 1 0 0 0 0 0 1999257 2000861 NA 38.815 0.273045274 II 0 0 0 97.9123172598629
SPBP23A10.16 0 159 1 0 0.858357068 9.3 87363.6 56.15478118 0.0015613 2559.9 0 1 0 0 0 0 0 2035906 2036579 NA 233.6333333 0.536709797 II 0 0 0 137.340323069986
SPBP35G2.07 0 669 1 0 0.60173846 22 55868.57 50.84209776 0.0010894 745 0 1 0 0 0 0 0 976926 979390 0.742668346 319 0.675498783 II 0 0 0 37.1160295706377
SPBP4H10.03 0 409 1 0 0.571378851 1.6 608.1 27.9468727 0.0035606 2267.4 0 1 0 0 0 0 0 2871688 2873493 1.062111464 27.605 0.305964415 II 0 0 0 44.6995372736085
SPBP4H10.08 4 79 1 0 0.567461899 11 16048.98 120.9186463 0 670.4 0 1 0 0 0 0 0 2884304 2884916 1.073505343 525.7 0.248873874 II 0 0 0 84.2830557297352
SPBP4H10.10 0 392 1 0 0.565093485 0.27 NA 20.11135146 0.0033776 NA 0 1 0 0 0 0 0 2890645 2891823 1.163650594 2.5035 0.318883762 II 0 0 0 73.0357833790326
SPBP4H10.18c 0 314 1 0 0.558900016 2.5 1718.83 38.63067655 0.0055613 613.8 0 1 0 0 0 0 0 2908828 2909885 1.077032359 53.78166667 0.049591304 II 0 0 0 73.2497823662491
SPBP8B7.08c 3 310 1 0 0.306156298 1.8 2515.05 50.81833042 0.0004694 825.2 0 1 0 0 0 0 0 3645544 3646961 1.037418499 46.98833333 0.449221362 II 0 0 0 101.715719965796
SPCC1183.04c 1 524 1 0 0.54123632 0.97 NA 21.27880418 0.0013903 NA 0 1 0 0 0 0 0 597500 599387 0.809696663 23.08 0.499839326 III 0 0 0 53.0200909703442
SPCC11E10.04 0 443 1 0 0.736398283 1.2 NA 19.54421779 0.0026304 NA 0 1 0 0 0 0 0 1457791 1459534 1.024262142 31.00666667 0.059409683 III 0 0 0 26.5388124280878
SPCC1223.03c 0 649 1 0 0.451901471 2.7 NA 25.92397933 0.0029197 670.6 0 1 0 0 0 0 0 1840594 1843300 1.046551672 29.95166667 0.017824477 III 0 0 0 69.9816087656205
SPCC1235.02 0 363 1 0 0.160043806 14 10018.86 33.87206109 0.0028074 753.2 0 1 0 0 0 0 0 176681 178818 1.025045567 326.4666667 0.720097235 III 0 0 0 99.1786140959088
SPCC1235.11 5 141 1 0 0.181185086 5 12271.2 44.72819235 0 NA 0 1 0 0 0 0 0 200020 201625 1.052153547 255.3666667 0.626510112 III 0 0 0 73.0534056493062
SPCC1259.01c 1 152 1 0 0.935615071 49 NA 143.6687629 0 NA 0 1 0 0 0 0 0 1032876 1033535 0.336725953 1439.5 0.927347687 III 0 0 0 22.8319818267862
SPCC1259.05c 1 58 1 0 0.944227749 5.7 NA 95.08822594 0 1015.2 0 1 0 0 0 0 0 1042384 1043131 0.921442056 326.5333333 0.26196217 III 0 0 0 102.168322040031
SPCC1259.09c 5 456 1 0 0.951078578 3.3 16524.29 38.91058414 0.002875 729.2 0 1 0 0 0 0 0 1049947 1051870 1.034805389 91.88833333 0.199987952 III 0 0 0 60.9790901625705
SPCC1259.10 2 412 1 0 0.952809628 1.4 715.21 27.49554013 0.0035348 NA 0 1 0 0 0 0 0 1051858 1053763 1.007295691 22.03833333 0.386189257 III 0 0 0 55.9077234508399
SPCC132.03 3 176 1 0 0.830507758 3.2 NA 41.23472799 0.0032991 191.7 0 1 0 0 0 0 0 1331168 1332587 NA 89.40166667 0 III 0 0 0 64.4302907687478
SPCC1322.01 0 957 1 0 0.864852042 0.86 NA 20.2275667 0.0030477 NA 0 1 0 0 0 0 0 1283099 1286259 0.40359916 12.97166667 0.252123843 III 0 0 0 45.9693944223494
SPCC1442.11c 0 182 1 0 0.492489227 NA NA NA 0.0080065 NA 0 1 0 0 0 0 0 1788002 1788550 1.050773568 0.11216 0 III 0 0 0 49.0147931488385
SPCC1442.15c 0 202 1 0 0.487953035 1.2 NA 26.99753894 0.0028766 NA 0 1 0 0 0 0 0 1793277 1794669 0.994794312 22.16166667 0.299314257 III 0 0 0 76.4968563512569
SPCC162.06c 3 210 1 0 0.648507816 2.2 4407.17 37.14555737 0.0020756 514.1 0 1 0 0 0 0 1 1576664 1578092 0.992572676 45.985 0.338226267 III 0 0 0 39.921159867089
SPCC1620.03 0 186 1 0 0.223086612 0.69 NA 14.99139784 0.004684 NA 0 1 0 0 0 0 0 2148588 2151955 1.020904393 5.473833333 0.26218543 III 0 0 0 77.6593409692054
SPCC1620.08 0 433 1 0 0.2161626 3.9 8512.17 32.11967969 0.0037001 632.5 0 1 0 0 0 0 0 2159159 2161295 1.133393528 74.80833333 0.540197147 III 0 0 0 103.758147241455
SPCC1682.01 3 85 1 0 0.336254953 3.3 41642.36 90.47759147 0.0050925 1689.7 0 1 0 0 0 0 0 371210 372055 0.807929374 112.7566667 0.665617188 III 0 0 0 115.779198625192
SPCC16A11.07 0 164 1 0 0.798131082 1.6 3538.02 29.19282309 0.0026543 819.5 0 1 0 0 0 0 0 881100 882894 0.859494787 28.35833333 0.633168111 III 0 0 0 44.973462014561
SPCC16A11.10c 2 129 1 0 0.803470978 34 43151.38 99.11566963 0 862.9 0 1 0 0 0 0 0 886995 888438 0.963573338 985.9666667 0.559945899 III 0 0 0 49.9421367422085
SPCC1739.09c 5 130 1 0 0.300591062 8.2 23883.22 NA 0.005572 479.8 0 1 0 0 0 0 0 2046412 2047407 1.096397202 362.4 0.326124825 III 0 0 0 138.328013821493
SPCC1840.09 0 276 1 0 0.131488759 1.9 3935.46 42.87437496 0.0042162 816.4 0 1 0 0 0 0 0 2274167 2275514 1.031950773 38.27333333 0.316076115 III 0 0 0 41.5214930211585
SPCC191.06 1 138 1 0 0.547287515 0.5 NA 27.252684 0.0031508 NA 0 1 0 0 0 0 0 1712027 1714631 1.059561256 4.598166667 0.147719936 III 0 0 0 125.610332704315
SPCC191.10 0 149 1 0 0.541530355 NA NA 49.53960985 0.0116788 NA 0 1 0 0 0 0 0 1721489 1722397 1.041309735 0.170576667 0 III 0 0 0 80.5201433589632
SPCC24B10.04 0 199 1 0 0.82195635 2.4 1881.76 43.73229155 0.0043796 684.4 0 1 0 0 0 0 0 907402 908729 1.086027018 46.74666667 0.454155556 III 0 0 0 38.0942381813096
SPCC24B10.10c 0 355 1 0 0.832093547 1.7 2144.75 36.1644566 0.0020504 477.8 0 1 0 0 0 0 0 918593 919938 1.083611597 36.095 0.662729572 III 0 0 0 87.1647618668542
SPCC24B10.22 0 1018 1 0 0.852214857 1.5 NA 28.01851312 0.0017192 NA 0 1 0 0 0 0 0 940806 944722 0.996477168 23.78333333 0.611734715 III 0 0 0 35.9979056264622
SPCC306.08c 1 341 1 0 0.381941639 7.5 36823.61 58.17499384 0.0004269 741.7 0 1 0 0 0 0 0 421646 423488 1.09968735 133.5 0.718691358 III 0 0 0 91.1084741061123
SPCC330.12c 0 180 1 0 0.122943528 15 2139.68 58.89921504 0.0008232 NA 0 1 0 0 0 0 0 135724 136696 1.049504798 328.1666667 0.649575824 III 0 0 0 97.3485174350127
SPCC338.04 1 167 1 0 0.803954841 1.9 2414.11 47.27801552 0.0034758 649.9 0 1 0 0 0 0 0 1367724 1368405 1.044726635 49.395 0.193635838 III 0 0 0 64.7081512602466
SPCC338.06c 0 139 1 0 0.805634692 3.4 4795.31 41.3426774 0.0020855 1543.4 0 1 0 0 0 0 0 1364892 1366139 1.10358271 74.99666667 0.276737349 III 0 0 0 75.8975220066245
SPCC338.10c 0 186 1 0 0.811140542 11 34428.98 69.4963311 0.0025026 575.3 0 1 0 0 0 0 0 1357740 1358712 NA 243.7666667 0.443734973 III 0 0 0 65.2677560075654
SPCC338.16 0 577 1 0 0.819608741 0.63 NA 22.75464101 0.0015154 NA 0 1 0 0 0 1 0 1345278 1347289 0.38621184 10.4615 0.444863995 III 0 0 0 20.8639311353833
SPCC417.11c 0 438 1 0 0.556776524 1.1 NA 23.56572612 NA NA 0 1 0 0 0 0 0 1697661 1701831 1.014949739 19.31166667 0 III 0 0 0 70.4501573029821
SPCC4B3.01 1 298 1 0 0.944378096 1.9 32501.59 39.73227633 0.0009765 786.1 0 1 0 0 0 0 0 1177720 1178984 1.024092218 40.37833333 0.496298214 III 0 0 0 72.3249113767762
SPCC4B3.11c 0 116 1 0 0.961004619 3 NA 30.54938566 0 494.1 0 1 0 0 0 0 0 1156111 1156556 1.159552864 66.46666667 0.399362229 III 0 0 0 77.2279718420443
SPCC4G3.05c 1 608 1 0 0.419147899 1 NA 17.1643424 0.0019177 NA 0 1 1 0 0 1 0 462720 464714 NA 19.78333333 0.625857143 III 0 0 0 17.2650002213292
SPCC4G3.13c 0 215 1 0 0.403176219 3.5 7590.24 34.32799137 0.0027034 174.3 0 1 0 0 0 0 0 445088 446630 1.1112858 69.99 0.515163445 III 0 0 0 71.8506677430297
SPCC548.06c 0 547 1 0 0.205023035 24 27740.37 18.27961804 0.007174 4429.2 0 1 0 0 0 0 0 NA NA NA NA 0.442479196 III 0 0 0 167.934388840978
SPCC5E4.07 0 148 1 0 0.594742172 110 36481.88 124.3073405 0.0009798 1406.2 0 1 0 0 0 0 0 656568 657206 0.454324956 3187.833333 0.894956023 III 0 0 0 25.2667806936266
SPCC613.10 0 426 1 0 0.087526292 7.3 28046.43 60.462305 0.0023932 723.4 0 1 0 0 0 0 0 96625 98210 NA 145.9 0.555117594 III 0 0 0 45.4706465673071
SPCC645.02 1 209 1 0 0.906067703 0.53 1534.56 38.87278608 0.0023172 373.6 0 1 0 0 0 0 0 1229431 1230662 NA 11.0965 0.253617284 III 0 0 0 63.7781125008441
SPCC736.06 0 611 1 0 0.292137172 0.94 1987.11 23.24138147 0.0023854 NA 0 1 0 0 0 0 0 322506 326767 0.34219369 12.7 0.536258051 III 0 0 0 29.2957117493255
SPCC737.02c 0 137 1 0 0.418639528 13 27887.95 63.75235519 0.0021157 652.2 0 1 0 0 0 0 0 1886995 1888168 NA 394.3333333 0.234676955 III 0 0 0 64.1784838401997
SPCC777.09c 1 441 1 0 0.621126093 19 103914.04 51.28095573 0.0016514 1004.6 0 1 0 0 0 1 0 1613047 1615028 1.042648388 369.2333333 0.556637758 III 0 0 0 58.108496345958
SPCC777.15 0 326 1 0 0.612794298 1.2 NA 24.24617032 0.0008929 1763.5 0 1 0 0 0 0 0 1624612 1626267 1.083855773 25.19833333 0.441385988 III 0 0 0 71.4976656584144
SPCC777.17c 2 101 1 0 0.617936897 0.52 1829.87 63.14492533 0.0028625 388.4 0 1 0 0 0 0 0 1618146 1619330 1.08219601 19.81 0.049527519 III 0 0 0 65.3993837497818
SPCC794.07 2 483 1 0 0.237945603 18 60865.75 52.52726864 0.0045243 975.2 0 1 0 0 0 0 0 262681 264770 0.665208712 381.6833333 0.668586579 III 0 0 0 40.6855616011153
SPCC962.05 1 519 1 0 0.501827975 0.44 NA 25.19493777 0.0028074 NA 0 1 0 0 0 0 0 553995 556291 1.072767155 9.5845 0.53530044 III 0 1 0 82.0042882329065
SPCC965.04c 1 709 1 0 0.121201338 3.4 594.5 25.23743088 0.0018505 485.6 0 1 0 0 0 0 0 2286794 2289391 0.962587457 72.04333333 0.517196396 III 0 0 0 95.7044965718637
SPCC970.07c 0 636 1 0 0.453590458 0.86 NA 18.17808288 0.0036668 653.9 0 1 0 0 0 0 0 500743 502880 0.673260662 15.87333333 0.469826501 III 0 0 0 38.7652451034771
SPCP31B10.02 0 143 1 0 0.4758903 0.65 NA 25.62282569 0.0040552 NA 0 1 0 0 0 0 0 525361 525831 1.092158501 19.07666667 0.583802326 III 0 0 0 59.4171683572416
