SPAC11H11.01 1 487 1 0 0.443517545 1.1 640.91 28.23704008 0.0026924 788.5 0 0 0 1 0 0 0 4775688 4777440 0.974657463 19.47 0.208454649 I 0 0 0 40.5248605808332
SPAC1420.03 1 443 1 0 0.335722092 6.3 NA 34.96100519 0.0003315 NA 0 0 0 1 0 0 0 NA NA NA NA 0.702502484 I 0 0 0 10.8518196098147
SPAC14C4.06c 2 307 1 0 0.187412556 2.4 2744.67 21.82281934 0.0042658 504.9 0 0 1 1 0 1 0 5238326 5240370 0.929309891 49.16833333 0.308759086 I 0 0 0 125.268868506866
SPAC167.07c 2 1029 1 0 0.409986441 0.6 983.48 23.07576002 0.0018425 NA 0 0 0 1 0 0 0 1546286 1550081 0.724675218 11.65216667 0.331437474 I 0 0 0 68.9032298167239
SPAC1805.04 1 1162 1 0 0.735804923 2.6 1577.34 37.35633765 0.002385 1983.2 0 0 0 1 0 0 0 2775128 2781053 0.994895527 34.54666667 0.42554761 I 0 0 0 46.3167463170546
SPAC18G6.10 0 688 1 0 0.592398253 3.2 934.46 23.86397221 0.0038138 359.6 0 0 0 1 0 0 0 2234262 2236773 0.816775827 57.22833333 0.408575805 I 0 0 0 38.5640275395559
SPAC18G6.13 0 114 1 0 0.594188231 0.81 302.97 52.73363079 0.0012694 NA 0 0 1 1 0 0 0 2241013 2241357 0.785718451 14.03333333 0 I 0 0 0 74.8775553077213
SPAC19E9.01c 1 371 1 0 0.358357589 3.2 6683.95 28.54360034 0.0015697 427.1 0 0 0 1 0 0 0 1351565 1353770 1.063173534 57.465 0.303354167 I 0 0 0 77.0923152731922
SPAC19E9.02 2 722 1 0 0.359057301 3 NA 27.85088651 0.0020192 NA 0 0 0 1 0 0 0 1354204 1357184 1.003689403 62.785 0.323253508 I 0 0 0 48.7451377957218
SPAC22E12.14c 0 646 1 0 0.293271829 2.7 2338.58 17.90345237 0.0029332 NA 0 0 0 1 0 0 0 5045616 5049021 1.003241949 19.19 0.348646101 I 0 1 0 73.0006700216388
SPAC22H10.03c 6 993 1 0 0.629197408 1.9 6390.62 26.16848298 0.001627 598.1 0 0 0 1 0 0 0 2373052 2376572 0.984626749 38.90333333 0.499623916 I 0 0 0 54.4143551955785
SPAC25B8.03 0 516 1 0 0.784756849 4 757.89 32.02033155 0.0008471 219.6 0 1 0 1 0 0 0 4157827 4160623 NA 65.81 0.313707486 I 0 0 0 39.2524903360552
SPAC30D11.04c 1 1159 1 0 0.294883753 6.9 5947.63 41.74399505 0.0039081 891.8 0 0 0 1 0 0 0 1112170 1115868 NA 96.15 0.171770196 I 0 0 0 41.611293492683
SPAC328.01c 1 1234 1 0 0.920181177 3.5 1665.55 19.75641093 0.0023641 NA 0 0 0 1 0 0 0 3470513 3475033 1.119727191 44.48833333 0.523407017 I 0 0 0 67.8531263882593
SPAC644.14c 0 365 1 0 0.715384163 2 2066.29 18.89158382 0.0031909 699.3 0 0 1 1 0 1 0 2698110 2700283 0.633025927 34.15 0.389622803 I 0 0 0 56.4423154372255
SPAC6G9.04 0 1318 1 0 0.861127535 1.2 NA 14.01611853 0.0032121 NA 0 0 0 1 0 0 0 3247789 3252881 1.123410974 14.38 0.04719787 I 0 0 0 41.8457180040451
SPAC977.02 0 146 1 0 0.008493581 0.033 NA NA 0 NA 0 0 0 1 0 0 0 NA NA NA NA 0 I 0 0 0 5.49726689248464
SPBC14F5.03c 0 1067 1 0 0.131225615 8 20408.63 33.95135816 0.0020504 866.5 0 0 0 1 0 0 0 4153236 4157111 1.186307726 107.3416667 0.662060412 II 0 0 0 82.4768737595207
SPBC1685.14c 2 801 1 0 0.325770277 2 3513.06 27.04061044 0.0038289 775.1 0 0 0 1 0 0 0 528890 532062 1.043931976 17.59666667 0.681184211 II 0 1 0 84.1281073659081
SPBC16D10.08c 0 905 1 0 0.317006012 9.9 17376.06 20.56667152 0.0006445 795.3 0 0 0 1 0 0 0 3612265 3615320 1.070204392 106.1366667 0.603761667 II 0 0 0 56.7063946548781
SPBC16E9.17c 1 402 1 0 0.886401527 0.026 NA NA 0.0027076 NA 0 0 0 1 0 0 0 1953419 1954793 1.174010597 0.122771667 0.207713024 II 0 0 0 63.4076752446748
SPBC1709.14 4 333 1 0 0.693755366 1.2 1762.33 32.13014861 0.005245 535.4 0 0 0 1 0 0 0 1126316 1127990 1.143067442 19.93833333 0.474200699 II 0 0 0 83.5387650634651
SPBC19G7.09 0 568 1 0 0.744303566 2.6 NA 21.72784471 0.0035919 NA 0 0 0 1 0 0 0 2367079 2369193 NA 43.22666667 0.528562827 II 0 1 0 32.0619319269764
SPBC21H7.06c 1 200 1 0 0.779948071 0.83 NA 29.09905871 0.0058104 624 0 0 0 1 0 0 0 2264210 2265243 1.025151978 22.34833333 0.449411333 II 0 0 0 92.646491607172
SPBC23E6.05 2 417 1 0 0.235992687 6.7 11297.95 32.61933917 0.0017462 917.6 0 0 0 1 0 0 0 3849937 3851579 1.002288675 151.0666667 0.533525333 II 0 0 0 120.542382099162
SPBC25B2.08 0 125 1 0 0.660730488 2.2 3812.59 27.67838885 0 NA 0 0 1 1 0 1 0 2611366 2612917 1.039558163 27.70166667 0.027119306 II 0 0 0 86.6917572123464
SPBC29A10.07 0 1250 1 0 0.681412873 6.1 6085.06 52.29706958 0.002684 1006.9 0 0 0 1 0 0 0 2548681 2552601 1.130440715 87.815 0.545564755 II 0 0 0 71.6478520326847
SPBC2D10.12 4 368 1 0 0.531946667 11 21848.1 60.9086081 0.0008043 751.9 0 0 0 1 0 0 0 2986871 2988489 1.040602975 294.85 0.539385873 II 0 0 0 65.1536479553751
SPBC2G2.14 0 533 1 0 0.368940005 2.5 598.22 19.70371549 0.0049209 275.2 0 0 1 1 0 0 0 3461272 3463865 0.909603278 40.6 0.217531083 II 0 0 0 83.4037534183682
SPBC317.01 0 372 1 0 0.312432406 0.49 NA 15.06947643 0.0039173 NA 0 0 0 1 0 0 0 3622580 3628658 1.157502739 6.801 0.045228518 II 0 0 0 192.998469275844
SPBC31F10.09c 0 144 1 0 0.265187234 1.9 3361.18 26.97725446 0.0021005 468.4 0 0 0 1 0 0 0 3764524 3766439 0.541394877 35.66333333 0.168433378 II 0 0 0 79.2105662392158
SPBC409.11 0 553 1 0 0.713599457 1.3 NA 30.29661379 0.0062141 NA 0 0 0 1 0 0 0 1158533 1160295 1.052721873 28.92 0.027521709 II 0 0 0 55.5582541332461
SPBP35G2.03c 1 319 1 0 0.596077871 0.69 NA 27.35147977 0.001383 NA 0 0 1 1 0 0 0 967736 968767 1.091374958 15.65166667 0.400110672 II 0 0 0 36.5046221067803
SPBP35G2.06c 4 1142 1 0 0.599333787 0.77 233.66 22.53093016 0.0015462 NA 0 0 0 1 0 0 0 973022 976901 1.040080285 13.24 0.100130943 II 0 1 0 54.6504837466632
SPBP8B7.09c 0 978 1 0 0.305055245 3 1437.57 26.64941946 0.0014912 1126.2 0 0 0 1 0 0 0 3647074 3650172 1.026330901 46.21166667 0.582452171 II 0 0 0 65.6447105765296
SPCC1322.06 4 983 1 0 0.854237695 1.5 307.3 33.94462817 0.0025221 NA 0 0 0 1 0 1 0 1296627 1300577 1.039120259 19.60333333 0.376689057 III 0 0 0 53.3959787596823
SPCC1739.14 1 933 1 0 0.288783917 3.3 2313.2 31.62409545 0.003126 548.7 0 0 0 1 0 0 0 2059889 2063334 0.580577637 51.11166667 0.421424698 III 0 0 0 38.4192912009474
SPCC1840.03 0 1095 1 0 0.140201597 8.6 10272.12 41.57553298 0.0023976 748.1 0 0 0 1 0 0 0 2259995 2263761 0.711654132 133.2533333 0.669556168 III 0 0 0 31.4308824874792
SPCC1919.04 0 256 1 0 0.178193218 0.88 NA 18.00061585 0.0058394 NA 0 0 0 1 0 0 0 NA NA NA NA 0.057049826 III 0 0 1 64.7812182783815
SPCC1919.06c 4 249 1 0 0.172345616 0.62 NA NA NA NA 0 0 0 1 0 0 0 NA NA NA NA 0.020966626 III 0 0 0 62.4341564703302
SPCC320.04c 12 630 1 0 0.147566837 1.2 NA 39.42268462 0.0016195 NA 0 0 0 1 0 0 0 162907 165664 0.315267109 31.65333333 0.634781449 III 0 0 0 18.3426933664899
SPCC4B3.15 0 920 1 0 0.964883252 2.5 1069.38 26.57514858 0.0019021 NA 0 0 0 1 0 0 0 1147316 1151324 0.784199005 44.57666667 0.264644348 III 0 0 0 43.7634002944386
SPCC550.11 1 1029 1 0 0.920316043 6.9 8860.33 34.47000795 0.0028347 747.8 0 0 0 1 0 0 0 1207623 1211442 1.021676592 107.3016667 0.578466684 III 0 0 0 34.3760504243236
SPCC584.03c 0 551 1 0 0.680367165 0.88 294.84 21.8993543 0.0055538 554.4 0 0 0 1 0 0 0 1531314 1535116 1.10774503 12.62616667 0.225542377 III 0 0 0 60.8515499271433
SPCC613.08 2 282 1 0 0.084297896 4.2 7236.31 38.42336213 0.0035825 832.6 0 0 0 1 0 1 0 93061 94425 0.225181591 105.3166667 0.593446334 III 0 0 1 38.6387384760997
