SPAC11H11.01 1 487 1 0 0.443517545 1.1 640.91 28.23704008 0.0026924 788.5 0 0 0 1 0 0 0 4775688 4777440 0.974657463 19.47 0.208454649 I 0 0 0
SPAC1420.03 1 443 1 0 0.335722092 6.3 NA 34.96100519 0.0003315 NA 0 0 0 1 0 0 0 NA NA NA NA 0.702502484 I 0 0 0
SPAC14C4.06c 2 307 1 0 0.187412556 2.4 2744.67 21.82281934 0.0042658 504.9 0 0 1 1 0 1 0 5238326 5240370 0.929309891 49.16833333 0.308759086 I 0 0 0
SPAC15F9.03c 4 123 1 0 0.636514816 12 15833.72 108.1932369 0 NA 0 0 0 1 0 0 0 2400650 2401615 NA 532.25 0.527880618 I 1 0 0
SPAC167.07c 2 1029 1 0 0.409986441 0.6 983.48 23.07576002 0.0018425 NA 0 0 0 1 0 0 0 1546286 1550081 0.724675218 11.65216667 0.331437474 I 0 0 0
SPAC17C9.13c 0 262 1 0 0.608622362 6.6 NA 22.82500356 0.0005551 NA 0 0 0 1 0 1 0 4477472 4479000 NA 147.7166667 0.453164777 I 1 0 0
SPAC1805.04 1 1162 1 0 0.735804923 2.6 1577.34 37.35633765 0.002385 1983.2 0 0 0 1 0 0 0 2775128 2781053 0.994895527 34.54666667 0.42554761 I 0 0 0
SPAC1805.17 1 1078 1 0 0.743429897 7.3 10775.26 30.22971494 0.0023 774.8 0 0 0 1 0 0 0 2803886 2808253 NA 85.305 0.637953631 I 1 0 0
SPAC18G6.10 0 688 1 0 0.592398253 3.2 934.46 23.86397221 0.0038138 359.6 0 0 0 1 0 0 0 2234262 2236773 0.816775827 57.22833333 0.408575805 I 0 0 0
SPAC18G6.13 0 114 1 0 0.594188231 0.81 302.97 52.73363079 0.0012694 NA 0 0 1 1 0 0 0 2241013 2241357 0.785718451 14.03333333 0 I 0 0 0
SPAC19E9.01c 1 371 1 0 0.358357589 3.2 6683.95 28.54360034 0.0015697 427.1 0 0 0 1 0 0 0 1351565 1353770 1.063173534 57.465 0.303354167 I 0 0 0
SPAC19E9.02 2 722 1 0 0.359057301 3 NA 27.85088651 0.0020192 NA 0 0 0 1 0 0 0 1354204 1357184 1.003689403 62.785 0.323253508 I 0 0 0
SPAC1B1.03c 0 863 1 0 0.93898059 7.1 14378.22 39.74284128 0.0023655 597.9 0 0 0 1 0 0 0 3541416 3544320 NA 134.8666667 0.727855515 I 1 0 0
SPAC22E12.14c 0 646 1 0 0.293271829 2.7 2338.58 17.90345237 0.0029332 NA 0 0 0 1 0 0 0 5045616 5049021 1.003241949 19.19 0.348646101 I 0 1 0
SPAC22G7.02 7 990 1 0 0.193112706 1.9 562.54 26.69475858 0.0022104 NA 0 0 0 1 0 0 0 728335 731867 1.113076004 37.24333333 0.481388286 I 1 0 0
SPAC22H10.03c 6 993 1 0 0.629197408 1.9 6390.62 26.16848298 0.001627 598.1 0 0 0 1 0 0 0 2373052 2376572 0.984626749 38.90333333 0.499623916 I 0 0 0
SPAC23D3.06c 1 1325 1 0 0.679520508 5.1 3122.12 42.3854274 0.003523 740.1 0 0 0 1 0 0 0 4346357 4350846 NA 68.565 0.29737527 I 1 0 0
SPAC23D3.07 2 267 1 0 0.678677944 6.8 13567.55 51.13268351 0.0021789 808.8 0 0 0 1 0 0 0 4350803 4352369 NA 192.0666667 0.449285428 I 1 0 0
SPAC25B8.03 0 516 1 0 0.784756849 4 757.89 32.02033155 0.0008471 219.6 0 1 0 1 0 0 0 4157827 4160623 NA 65.81 0.313707486 I 0 0 0
SPAC26A3.15c 1 598 1 0 0.892860609 5 39464.62 45.86479725 0.0029246 1200.8 0 0 0 1 0 0 0 3367472 3370256 NA 103.4633333 0.498204321 I 1 0 0
SPAC29A4.08c 2 488 1 0 0.245516793 4.3 5358.83 47.79206029 0.0029854 783.7 0 0 0 1 0 0 0 5133204 5135342 NA 93.15166667 0.370635745 I 1 0 0
SPAC2F3.06c 1 910 1 0 0.910034361 8.4 4705.83 28.94013749 0.0009625 910.7 0 0 0 1 0 0 0 3930533 3934174 NA 111.2 0.591521565 I 1 0 0
SPAC30D11.04c 1 1159 1 0 0.294883753 6.9 5947.63 41.74399505 0.0039081 891.8 0 0 0 1 0 0 0 1112170 1115868 NA 96.15 0.171770196 I 0 0 0
SPAC31A2.04c 0 194 1 0 0.103513565 3 21107.65 34.03802314 0.0014973 596.3 0 0 0 1 0 0 0 390407 391260 NA 89.355 0.551093976 I 1 0 0
SPAC328.01c 1 1234 1 0 0.920181177 3.5 1665.55 19.75641093 0.0023641 NA 0 0 0 1 0 0 0 3470513 3475033 1.119727191 44.48833333 0.523407017 I 0 0 0
SPAC3G9.12 2 1462 1 0 0.835736675 1.4 1483.06 34.17705741 0.0031931 245.8 0 0 0 1 0 0 0 3152026 3157492 NA 13.62633333 0.404820757 I 1 0 0
SPAC4A8.13c 0 272 1 0 0.682675099 3.3 21135.62 43.56780315 0.0016042 1618.2 0 0 0 1 0 0 0 2574746 2575956 NA 99.84333333 0.554409414 I 1 0 0
SPAC644.14c 0 365 1 0 0.715384163 2 2066.29 18.89158382 0.0031909 699.3 0 0 1 1 0 1 0 2698110 2700283 0.633025927 34.15 0.389622803 I 0 0 0
SPAC6G9.04 0 1318 1 0 0.861127535 1.2 NA 14.01611853 0.0032121 NA 0 0 0 1 0 0 0 3247789 3252881 1.123410974 14.38 0.04719787 I 0 0 0
SPAC890.06 2 1315 1 0 0.311503398 3.8 9673.22 40.97368806 0.0001109 783.6 0 0 0 1 0 0 0 5011683 5016066 0.987235301 45.545 0.60976435 I 1 0 0
SPAC977.02 0 146 1 0 0.008493581 0.033 NA NA 0 NA 0 0 0 1 0 0 0 NA NA NA NA 0 I 0 0 0
SPBC1105.07c 4 442 1 0 0.34962545 1.5 660.05 35.49551153 0.0023068 NA 0 0 0 1 0 0 0 3517625 3520192 NA 36.10333333 0.475728004 II 1 0 0
SPBC11G11.07 1 955 1 0 0.950062716 2.4 2241.38 24.66419637 0.0010689 893.8 0 0 0 1 0 0 0 1766005 1769138 NA 33.26333333 0.561396529 II 1 0 0
SPBC12C2.06 0 503 1 0 0.711092282 8 20180.5 38.85264808 0.0031862 733.6 0 0 0 1 0 0 0 2464269 2466047 NA 159.6666667 0.70858952 II 1 1 0
SPBC12D12.01 0 514 1 0 0.765745819 1.6 2368.92 17.50571299 0.0048189 758 0 0 0 1 0 0 0 2303681 2306661 NA 21.85333333 0.356682877 II 1 0 0
SPBC13A2.02 0 803 1 0 0.389704687 2.6 5291.68 24.76048346 0.0041762 660.3 0 0 0 1 0 0 0 3400486 3403309 1.091851838 47.91666667 0.236946532 II 1 0 0
SPBC14F5.03c 0 1067 1 0 0.131225615 8 20408.63 33.95135816 0.0020504 866.5 0 0 0 1 0 0 0 4153236 4157111 1.186307726 107.3416667 0.662060412 II 0 0 0
SPBC1604.08c 0 539 1 0 0.213040643 7 14705.91 32.62338381 0.0018924 713.6 0 0 0 1 0 0 0 3916583 3918514 0.551283659 136.15 0.606102118 II 1 0 0
SPBC1685.14c 2 801 1 0 0.325770277 2 3513.06 27.04061044 0.0038289 775.1 0 0 0 1 0 0 0 528890 532062 1.043931976 17.59666667 0.681184211 II 0 1 0
SPBC16A3.05c 2 352 1 0 0.085349302 2.9 25819.87 35.02405404 0.0008271 842.7 0 0 0 1 0 0 0 4288914 4290900 NA 77.25 0.472587268 II 1 0 0
SPBC16C6.12c 0 470 1 0 0.063669762 2.2 1872.89 29.14032433 0.0015497 555.5 0 0 1 1 0 1 0 4352543 4354124 NA 41.65833333 0.535062976 II 1 0 0
SPBC16D10.08c 0 905 1 0 0.317006012 9.9 17376.06 20.56667152 0.0006445 795.3 0 0 0 1 0 0 0 3612265 3615320 1.070204392 106.1366667 0.603761667 II 0 0 0
SPBC16E9.17c 1 402 1 0 0.886401527 0.026 NA NA 0.0027076 NA 0 0 0 1 0 0 0 1953419 1954793 1.174010597 0.122771667 0.207713024 II 0 0 0
SPBC1709.14 4 333 1 0 0.693755366 1.2 1762.33 32.13014861 0.005245 535.4 0 0 0 1 0 0 0 1126316 1127990 1.143067442 19.93833333 0.474200699 II 0 0 0
SPBC1718.05 3 209 1 0 0.363496117 0.71 2040.87 13.70539484 0.0013903 629.8 0 0 0 1 0 0 0 3478461 3479741 NA 9.709833333 0.462701812 II 1 0 0
SPBC17G9.04c 0 675 1 0 0.810370545 5.9 4533.41 21.76937824 0.0034553 607.6 0 0 1 1 0 0 0 2173656 2176522 NA 82.57666667 0.445759159 II 1 0 0
SPBC19G7.09 0 568 1 0 0.744303566 2.6 NA 21.72784471 0.0035919 NA 0 0 0 1 0 0 0 2367079 2369193 NA 43.22666667 0.528562827 II 0 1 0
SPBC19G7.15 1 403 1 0 0.740713055 3.9 13658.04 38.75160889 0.0018068 828.3 0 0 0 1 0 0 0 2377928 2379664 NA 89.38 0.498619463 II 1 0 0
SPBC21H7.06c 1 200 1 0 0.779948071 0.83 NA 29.09905871 0.0058104 624 0 0 0 1 0 0 0 2264210 2265243 1.025151978 22.34833333 0.449411333 II 0 0 0
SPBC23E6.05 2 417 1 0 0.235992687 6.7 11297.95 32.61933917 0.0017462 917.6 0 0 0 1 0 0 0 3849937 3851579 1.002288675 151.0666667 0.533525333 II 0 0 0
SPBC23G7.12c 1 403 1 0 0.828786016 8.2 20563.61 35.47696586 0.0014454 670.9 0 0 0 1 0 1 0 2121444 2122817 1.024617702 161.45 0.786164596 II 1 1 0
SPBC25B2.08 0 125 1 0 0.660730488 2.2 3812.59 27.67838885 0 NA 0 0 1 1 0 1 0 2611366 2612917 1.039558163 27.70166667 0.027119306 II 0 0 0
SPBC29A10.07 0 1250 1 0 0.681412873 6.1 6085.06 52.29706958 0.002684 1006.9 0 0 0 1 0 0 0 2548681 2552601 1.130440715 87.815 0.545564755 II 0 0 0
SPBC2D10.12 4 368 1 0 0.531946667 11 21848.1 60.9086081 0.0008043 751.9 0 0 0 1 0 0 0 2986871 2988489 1.040602975 294.85 0.539385873 II 0 0 0
SPBC2G2.14 0 533 1 0 0.368940005 2.5 598.22 19.70371549 0.0049209 275.2 0 0 1 1 0 0 0 3461272 3463865 0.909603278 40.6 0.217531083 II 0 0 0
SPBC30B4.05 1 967 1 0 0.808843946 3 3532.18 35.21449223 0.0009049 861.9 0 0 0 1 0 0 0 1313163 1316375 NA 44.045 0.645068734 II 1 0 0
SPBC30D10.15 0 516 1 0 0.504832497 1.7 12192.58 23.75432468 0.0031061 397.4 0 0 0 1 0 1 0 3065905 3067562 NA 31.31333333 0.358900698 II 1 0 0
SPBC317.01 0 372 1 0 0.312432406 0.49 NA 15.06947643 0.0039173 NA 0 0 0 1 0 0 0 3622580 3628658 1.157502739 6.801 0.045228518 II 0 0 0
SPBC31E1.05 1 480 1 0 0.152267377 2.5 1174.5 28.49094992 0.002428 NA 0 0 0 1 0 0 0 247207 248977 NA 37.22833333 0.560073171 II 1 1 0
SPBC31F10.09c 0 144 1 0 0.265187234 1.9 3361.18 26.97725446 0.0021005 468.4 0 0 0 1 0 0 0 3764524 3766439 0.541394877 35.66333333 0.168433378 II 0 0 0
SPBC336.07 0 1339 1 0 0.611954951 1.2 NA 23.0122967 0.0041399 NA 0 0 1 1 0 1 0 2750876 2755161 NA 11.2585 0.478842625 II 1 0 0
SPBC3B9.16c 0 1136 1 0 0.178607262 2.6 1376.79 28.30751252 0.0011556 624.7 0 0 0 1 0 0 0 4015226 4018932 NA 35.69333333 0.354502793 II 1 0 0
SPBC409.11 0 553 1 0 0.713599457 1.3 NA 30.29661379 0.0062141 NA 0 0 0 1 0 0 0 1158533 1160295 1.052721873 28.92 0.027521709 II 0 0 0
SPBP35G2.03c 1 319 1 0 0.596077871 0.69 NA 27.35147977 0.001383 NA 0 0 1 1 0 0 0 967736 968767 1.091374958 15.65166667 0.400110672 II 0 0 0
SPBP35G2.06c 4 1142 1 0 0.599333787 0.77 233.66 22.53093016 0.0015462 NA 0 0 0 1 0 0 0 973022 976901 1.040080285 13.24 0.100130943 II 0 1 0
SPBP8B7.09c 0 978 1 0 0.305055245 3 1437.57 26.64941946 0.0014912 1126.2 0 0 0 1 0 0 0 3647074 3650172 1.026330901 46.21166667 0.582452171 II 0 0 0
SPCC1322.06 4 983 1 0 0.854237695 1.5 307.3 33.94462817 0.0025221 NA 0 0 0 1 0 1 0 1296627 1300577 1.039120259 19.60333333 0.376689057 III 0 0 0
SPCC1620.11 1 851 1 0 0.210546293 3.1 3406.23 22.51672271 0.0041123 1100.1 0 0 0 1 0 0 0 2165020 2168871 NA 55.50166667 0.49908784 III 1 1 0
SPCC1682.10 1 324 1 0 0.353886122 6.7 29123.22 40.31411244 0.0031443 634.9 0 0 0 1 0 0 0 390674 392092 NA 184.6333333 0.726108031 III 1 0 0
SPCC1739.14 1 933 1 0 0.288783917 3.3 2313.2 31.62409545 0.003126 548.7 0 0 0 1 0 0 0 2059889 2063334 0.580577637 51.11166667 0.421424698 III 0 0 0
SPCC1840.03 0 1095 1 0 0.140201597 8.6 10272.12 41.57553298 0.0023976 748.1 0 0 0 1 0 0 0 2259995 2263761 0.711654132 133.2533333 0.669556168 III 0 0 0
SPCC1919.04 0 256 1 0 0.178193218 0.88 NA 18.00061585 0.0058394 NA 0 0 0 1 0 0 0 NA NA NA NA 0.057049826 III 0 0 1
SPCC1919.06c 4 249 1 0 0.172345616 0.62 NA NA NA NA 0 0 0 1 0 0 0 NA NA NA NA 0.020966626 III 0 0 0
SPCC290.03c 1 1647 1 0 0.335949483 2 2379.78 36.05149321 0.0022146 524.1 0 0 1 1 0 0 0 1994125 1999711 NA 26.13666667 0.44905346 III 1 0 0
SPCC320.04c 12 630 1 0 0.147566837 1.2 NA 39.42268462 0.0016195 NA 0 0 0 1 0 0 0 162907 165664 0.315267109 31.65333333 0.634781449 III 0 0 0
SPCC4B3.15 0 920 1 0 0.964883252 2.5 1069.38 26.57514858 0.0019021 NA 0 0 0 1 0 0 0 1147316 1151324 0.784199005 44.57666667 0.264644348 III 0 0 0
SPCC550.11 1 1029 1 0 0.920316043 6.9 8860.33 34.47000795 0.0028347 747.8 0 0 0 1 0 0 0 1207623 1211442 1.021676592 107.3016667 0.578466684 III 0 0 0
SPCC576.05 3 1024 1 0 0.267539656 2 NA 20.62523287 0.0032758 NA 0 0 0 1 0 0 0 2088527 2091991 NA 31.68666667 0.378712037 III 1 0 0
SPCC584.03c 0 551 1 0 0.680367165 0.88 294.84 21.8993543 0.0055538 554.4 0 0 0 1 0 0 0 1531314 1535116 1.10774503 12.62616667 0.225542377 III 0 0 0
SPCC613.08 2 282 1 0 0.084297896 4.2 7236.31 38.42336213 0.0035825 832.6 0 0 0 1 0 1 0 93061 94425 0.225181591 105.3166667 0.593446334 III 0 0 1
SPCC962.03c 0 542 1 0 0.497806068 3.2 10257.02 19.12120378 0.0029573 697.1 0 0 0 1 0 0 0 549555 552266 NA 52.79666667 0.66068623 III 1 0 0
