SPAC1142.04 0 707 1 0 0.96286544 4.8 3029.73 25.96119996 0.0039177 942.9 0 0 0 0 1 0 0 3631499 3633874 NA 95.13333333 0.496134454 I 1 0 0
SPAC13G7.03 2 278 1 0 0.609529918 1.2 NA 32.46574123 0.0031395 NA 0 0 0 0 1 0 0 2298875 2300068 1.039038725 29.11166667 0.142028862 I 0 0 0
SPAC140.02 0 500 1 0 0.50309448 31 30361.04 33.88700407 0.0046778 1188.2 0 0 0 0 1 0 0 1897448 1899491 0.834934498 643.9666667 0.538457717 I 0 0 0
SPAC144.01 1 112 1 0 0.513373966 2 955.19 58.91192719 0.0051676 388.8 0 0 0 0 1 0 0 4650573 4651169 1.077155638 43.225 0.4747375 I 0 0 0
SPAC16E8.06c 1 438 1 0 0.930256865 3.3 3237.48 29.81653695 0.0013332 661.2 0 0 0 0 1 0 0 3508514 3510077 1.073700868 66.99666667 0.525830795 I 0 0 0
SPAC17H9.04c 0 604 1 0 0.532763153 3.8 4319.87 20.95689633 0.0028956 827.3 0 0 0 0 1 0 0 2009345 2011903 1.191325553 72.48166667 0.49605734 I 0 0 0
SPAC1805.12c 0 128 1 0 0.740823809 42 NA 106.8933256 0 NA 0 0 0 0 1 0 0 2794057 2794801 1.066461614 1378 0.579878702 I 0 0 0
SPAC1952.02 2 202 1 0 0.336580587 2.6 NA 37.89085101 0.0014383 NA 0 0 0 0 1 0 0 4969822 4970737 0.819546719 87.30666667 0.497529903 I 0 0 0
SPAC1A6.02 0 361 1 0 0.283349516 3.4 5687.07 44.22972189 0.0036295 813.1 0 0 0 0 1 0 0 1068668 1070235 NA 65.95666667 0.598797069 I 1 0 0
SPAC1B3.13 1 806 1 0 0.345729841 3.8 10852.94 21.1205237 0.0003645 2921.1 0 0 0 0 1 0 0 4951337 4954199 NA 70.15166667 0.471790207 I 1 0 0
SPAC1B9.03c 2 389 1 0 0.638108589 3 2758.67 33.67844787 0.0022614 1490 0 0 0 0 1 0 0 2406661 2408084 NA 83.95666667 0.592433457 I 1 0 0
SPAC227.02c 0 205 1 0 0.133035613 2.4 NA 31.237042 0.0014173 539.2 0 0 0 0 1 0 0 501751 502444 NA 48.73833333 0.59638535 I 1 0 0
SPAC22A12.02c 0 124 1 0 0.307466365 0.054 NA NA 0.0023358 NA 0 0 0 0 1 0 0 1159626 1160000 1.060458427 1.222516667 0 I 0 0 0
SPAC23A1.11 1 197 1 0 0.819333484 110 90460.46 106.2202121 0 NA 0 0 0 0 1 0 0 4097268 4098123 1.112129561 3034.666667 0.846979321 I 0 1 0
SPAC24C9.11 3 775 1 0 0.813050005 1.4 1220.12 21.87572902 0.0016931 618.4 0 0 0 0 1 0 0 3066462 3069156 NA 20.86833333 0.514871332 I 1 0 0
SPAC25B8.16 0 698 1 0 0.768582729 1.9 992.91 21.59258077 0.0035504 542.8 0 0 0 0 1 0 0 4187325 4189859 NA 35.82833333 0.50086217 I 1 0 0
SPAC26A3.04 0 176 1 0 0.884960947 120 NA 124.6928752 0.0016496 NA 0 0 0 0 1 0 0 3337678 3338408 0.80438012 3155.833333 0.840888889 I 0 1 0
SPAC27F1.06c 0 362 1 0 0.691910008 9.6 10155.71 34.45541788 0.0028151 919.4 0 0 0 0 1 0 0 4327147 4328451 1.067282983 217.6166667 0.476106296 I 0 0 0
SPAC29A4.13 0 235 1 0 0.252822698 2.4 NA 30.40045607 0.0030929 NA 0 0 0 0 1 0 0 5120840 5122136 1.055767876 49.87166667 0.336633042 I 0 0 0
SPAC2G11.11c 2 719 1 0 0.219623264 2 3744.92 18.83611935 0.0030414 NA 0 0 0 0 1 0 0 828321 831629 NA 33.605 0.185767771 I 1 0 0
SPAC3G9.01 0 462 1 0 0.843532931 1.7 NA 35.05294634 0.0060386 NA 0 0 0 0 1 0 0 3181430 3183290 0.99995961 30.94333333 0.030908807 I 0 0 0
SPAC3H5.07 1 250 1 0 0.909284343 51 64677.37 83.25777272 0.0023265 1456 0 0 0 0 1 0 0 3429415 3430813 0.819284048 1217.333333 0.418003155 I 0 0 0
SPAC4F10.06 0 388 1 0 0.408623358 3 2550.09 30.01150407 0.0015141 1343.4 0 0 0 0 1 0 0 4838959 4840514 0.316511445 72.91666667 0.306905782 I 0 0 0
SPAC4F8.03 1 246 1 0 0.708435038 3.1 13300.67 44.28667674 0.0023673 857.1 0 0 0 0 1 0 0 2671901 2673213 NA 92.91833333 0.508635261 I 0 0 0
SPAC589.10c 0 150 1 0 0.824116266 83 NA 108.6309972 0 NA 0 0 0 0 1 0 0 NA NA NA NA 0.754682243 I 0 0 0
SPAC607.03c 1 125 1 0 0.541119125 15 101274.37 103.916188 0.0023172 704.5 0 0 0 0 1 0 0 2040860 2041514 NA 706.6666667 0.55688225 I 1 0 0
SPAC664.06 1 249 1 0 0.454132169 18 14236.5 22.16091301 0.0059549 1206.7 0 0 0 0 1 0 0 1712784 1713921 NA 407.25 0.558778293 I 1 0 0
SPAC683.02c 0 218 1 0 0.763699401 3 1144.24 30.05123589 0.0019998 1449.4 0 0 0 0 1 0 0 4197466 4198686 1.026299081 54.55 0.339405748 I 0 0 0
SPAC8C9.08 1 203 1 0 0.969129436 99 81144.82 95.69779432 0.0024286 NA 0 0 0 0 1 0 0 NA NA NA NA 0.707020021 I 0 1 0
SPAC8F11.04 2 373 1 0 0.758145847 5.1 9696.87 34.81519739 0.003513 4008.2 0 0 0 0 1 0 0 2859388 2861935 NA 145.15 0.464548419 I 1 0 0
SPAP27G11.13c 1 64 1 0 0.433537741 16 13028.17 NA 0 1229.2 0 0 0 0 1 0 0 1635111 1635536 NA 500.25 0.368436451 I 1 0 0
SPBC1289.07c 0 348 1 0 0.048896581 3.7 26517.9 46.61394103 0.0012549 863.8 0 0 0 0 1 0 0 4395913 4397207 NA 92.195 0.655060365 II 1 0 0
SPBC1347.02 0 361 1 0 0.162481338 14 13229.12 38.33690715 0.0020164 137.2 0 0 0 0 1 0 0 4064502 4065960 1.04224961 317.7 0.465130029 II 0 0 0
SPBC1604.09c 1 260 1 0 0.213938356 1.4 NA 30.41184379 0.001678 376.2 0 0 0 0 1 0 0 3914657 3915896 0.964613803 32.46166667 0.500540097 II 0 0 0
SPBC16C6.11 0 127 1 0 0.064261608 47 28964.06 131.2614022 0.002281 3215.2 0 0 0 0 1 0 0 4351810 4352398 0.433516029 1660 0.777458498 II 0 1 0
SPBC16D10.11c 1 152 1 0 0.315240418 29 155364.24 133.476592 0 NA 0 0 0 0 1 0 0 3619778 3620469 0.993845911 799.2666667 0.121760444 II 0 1 0
SPBC16G5.11c 0 195 1 0 0.104883657 4.7 2214.43 32.07333276 0.0037241 749.7 0 0 0 0 1 0 0 4232584 4233932 1.046400706 107.72 0.411775636 II 0 0 0
SPBC1711.05 0 451 1 0 0.821921491 5.1 7678.88 60.42016893 0.0039887 713.4 0 0 0 0 1 0 0 NA NA NA NA 0.367070692 II 0 0 0
SPBC1718.03 0 147 1 0 0.364895837 6.6 3854.06 45.3216881 0.0019728 817.6 0 0 0 0 1 0 0 3474628 3475659 0.585904825 103.7516667 0.25488227 II 0 0 0
SPBC17D1.06 0 578 1 0 0.411104421 7.7 20002.8 31.32106345 0.0022705 943.2 0 0 0 0 1 0 0 3338604 3340901 1.095439637 181.3 0.541361725 II 0 0 0
SPBC24C6.02 1 606 1 0 0.760293701 2.6 688.74 24.42362201 0.0052911 NA 0 0 0 0 1 0 0 2320336 2322561 NA 44.32 0.561427778 II 1 0 0
SPBC2D10.10c 0 305 1 0 0.533576816 23 73566.7 57.13150438 0.0005046 NA 0 0 1 0 1 0 0 2982427 2983735 NA 688.4666667 0.728136851 II 0 0 0
SPBC4F6.14 0 674 1 0 0.624313428 4.6 1338.37 31.74019902 0.0028116 1487.4 0 0 0 0 1 0 0 2716857 2719120 NA 99.16166667 0.588062115 II 1 0 0
SPBC651.01c 3 642 1 0 0.761728629 14 9236.23 24.88070652 0.0031785 869.4 0 0 0 0 1 0 0 1236671 1239251 NA 292.7333333 0.657121224 II 1 0 0
SPBC776.01 1 61 1 0 0.468781997 61 2507.69 116.9760574 0 1702 0 0 0 0 1 0 0 3172323 3172696 1.043518286 2479.666667 0.781235294 II 0 1 0
SPBC776.11 0 148 1 0 0.460427912 65 123331.88 85.16685859 0.0029393 863.2 0 0 0 0 1 0 0 3196404 3197059 1.042342845 1835.833333 0.814696246 II 0 0 0
SPBC947.07 0 233 1 0 0.406702531 3.2 829.11 19.89135796 0.0024955 NA 0 0 0 0 1 0 0 660284 661497 NA 50.55333333 0.336452068 II 1 0 0
SPBC9B6.06 0 254 1 0 0.931265255 2.4 3575.99 28.34205141 0.0033028 NA 0 0 0 0 1 0 0 1822936 1823957 NA 43.965 0.458802978 II 1 0 0
SPCC1183.07 0 1690 1 0 0.549173245 9.5 7267.14 39.11765672 0.0024196 1156.4 0 0 0 0 1 0 0 606262 611786 NA 117.5533333 0.60491476 III 1 0 0
SPCC126.11c 2 183 1 0 0.234234715 4.4 2054.5 67.71543252 0.0063472 789.4 0 0 1 0 1 1 0 2135604 2136917 1.098783598 132.15 0.346386839 III 0 0 0
SPCC1322.15 0 111 1 0 0.838195339 12 NA 60.56971085 0.0039103 NA 0 0 0 0 1 0 0 1321392 1322217 1.096855028 322.35 0.456771283 III 0 1 0
SPCC16C4.13c 0 165 1 0 0.626012497 79 248939 NA 0 NA 0 0 0 0 1 0 0 NA NA NA NA 0.666493472 III 0 1 0
SPCC18.12c 2 260 1 0 0.351568541 3.3 2931.35 36.30528355 0.0011187 1900.8 0 0 0 0 1 0 0 1977107 1978642 NA 63.91166667 0.413765283 III 1 0 0
SPCC1827.05c 2 276 1 0 0.049745391 4.1 3267.91 50.73184095 0.0021081 NA 0 0 0 0 1 0 0 2384639 2385780 NA 119.465 0.487700565 III 1 0 0
SPCC364.01 1 320 1 0 0.439166849 0.39 1673.33 29.36879899 0.0054574 949.7 0 0 0 0 1 0 0 484820 486386 1.050756734 11.18566667 0.480747178 III 0 0 0
SPCC417.06c 2 624 1 0 0.573378584 0.0093 NA NA 0.0035642 NA 0 0 0 0 1 0 0 1677093 1679436 1.057757987 0.15717 0.407690282 III 0 0 0
SPCC4G3.10c 0 686 1 0 0.409260712 0.94 NA 14.2965358 0.0027638 NA 0 0 0 0 1 0 0 451805 454813 1.040909074 12.52616667 0.599055747 III 0 0 0
SPCC613.05c 1 122 1 0 0.080461686 98 122472.19 123.5099478 0 1199.9 0 0 0 0 1 0 0 88826 89634 NA 3493.166667 0.936582251 III 1 1 0
