SPAC1002.10c 0 590 1 0 0.480899916 1.9 NA 21.22955475 0.0039522 356.6 0 0 0 0 0 0 0 1813740 1815796 NA 27.69 0.407525304 I 1 1 0
SPAC1002.12c 0 547 1 0 0.482157222 2.3 2371.58 43.74812351 0.0017553 629.9 0 0 0 0 0 0 0 1818482 1820420 1.089405496 39.065 0.267854621 I 0 1 0
SPAC1006.06 2 1158 1 0 0.273336878 3.4 382.2 28.2412619 0.0027711 NA 0 0 0 0 0 0 0 5080718 5085055 1.10153794 43.99833333 0.443918882 I 0 1 0
SPAC1006.07 0 392 1 0 0.272243703 110 154934.46 54.91306851 0.0007429 838.2 0 0 0 0 0 0 0 5085486 5087031 NA 2664.333333 0.966909373 I 1 1 0
SPAC1006.08 1 391 1 0 0.270801442 1.3 NA 22.90878969 0.0033517 203.6 0 0 0 0 0 0 0 5087986 5089638 NA 31.675 0 I 1 1 0
SPAC1039.07c 0 448 1 0 0.063700674 1.1 NA 22.57722957 0.0048843 NA 0 1 0 0 0 0 0 5462118 5463989 0.921876556 18.03666667 0 I 0 1 0
SPAC1071.08 1 110 1 0 0.945752855 54 141634.78 NA 0.0013152 699.7 0 0 0 0 0 0 0 3869082 3869610 1.0291597 1813.5 0 I 0 1 0
SPAC1093.03 4 832 1 0 0.532190294 1.3 NA 26.25274466 0.001761 NA 0 0 0 0 0 0 0 4613443 4617157 0.93572563 23.10666667 0.52187571 I 0 1 0
SPAC1093.06c 0 4196 1 0 0.522257672 0.53 NA 19.20059171 0.0032418 NA 0 0 0 0 0 0 0 4622166 4635111 1.06986956 3.242333333 0.182801152 I 0 1 0
SPAC10F6.01c 0 1473 1 0 0.318414107 30 52359.47 46.84260771 0.0027731 690.8 0 0 0 0 0 0 0 1200916 1206090 NA 313.0833333 0.597813476 I 0 1 0
SPAC10F6.06 0 257 1 0 0.322699078 18 139690.38 62.19521891 0.0028292 726 0 0 0 0 0 0 0 1217077 1218228 1.032291171 445.8166667 0.441121973 I 0 1 0
SPAC10F6.10 2 497 1 0 0.32492283 2.5 646.62 27.95280466 0.0022561 523 0 0 0 0 0 0 0 1225464 1227365 NA 57.36666667 0.565845624 I 1 1 0
SPAC1142.01 1 656 1 0 0.961225002 2.5 2974.62 28.81500813 0.003333 NA 0 0 0 0 0 0 0 3625312 3627664 1.155344932 40.23666667 0.477164991 I 0 1 0
SPAC11D3.13 0 222 1 0 0.034507792 1.3 NA 20.98523969 0.0026186 NA 0 0 0 0 0 0 0 130148 131268 1.095726768 34.40666667 0.393346041 I 0 1 0
SPAC11D3.14c 0 1260 1 0 0.03478407 2.9 4037.5 28.09007407 0.0017365 NA 0 0 0 0 0 0 0 131190 135736 1.038824943 21.36166667 0.694923679 I 0 1 0
SPAC11D3.15 0 1317 1 0 0.036096262 3.3 14279.91 30.37664455 0.0017722 277.2 0 0 0 0 0 0 0 136139 140365 1.038237729 31.685 0.686365116 I 0 1 0
SPAC11E3.02c 1 1237 1 0 0.162221402 0.93 441.3 21.22270473 0.0027151 NA 0 0 0 0 0 0 0 5281778 5285905 NA 15.09666667 0.501215836 I 1 1 0
SPAC1250.05 1 117 1 0 0.267323309 19 87093.72 58.49544135 0.0037115 2512.5 0 0 0 0 0 0 0 5095073 5095925 1.081077745 468.55 0.48417734 I 0 1 0
SPAC12B10.14c 1 665 1 0 0.541891115 3.7 NA 33.535936 0.0028496 NA 0 0 0 0 0 0 0 4597466 4599622 1.074061269 55.585 0.060594005 I 0 1 0
SPAC12G12.01c 0 905 1 0 0.091950162 2.5 1742.2 28.7162188 0.0029004 NA 0 0 0 0 0 0 0 346795 350151 1.14972714 45.71666667 0.446572633 I 0 1 0
SPAC12G12.03 0 576 1 0 0.090702665 8.6 7643.27 19.95828459 0.0022771 504.8 0 0 0 0 0 0 0 342090 345182 0.978130854 77.80333333 0.342628882 I 0 1 0
SPAC12G12.07c 1 412 1 0 0.088720724 9.2 29607.54 53.25191885 0.000707 817.9 0 0 0 0 0 0 0 334615 336131 1.036237211 165.6166667 0.488947083 I 0 1 0
SPAC12G12.09 0 977 1 0 0.087446713 1.2 1092.36 14.55744438 0.0022498 NA 0 0 0 0 0 0 0 329810 332816 1.043739718 12.12066667 0.035177529 I 0 1 0
SPAC139.05 0 493 1 0 0.272516581 0.16 NA 22.90178401 0.0017731 NA 0 0 0 0 0 0 0 1027811 1029993 1.015639097 2.972 0.253029159 I 0 1 0
SPAC13D6.04c 2 523 1 0 0.596953404 1.3 931.6 32.50507207 0.0030646 507.6 0 0 0 0 0 0 0 2251442 2253385 1.078695342 25.665 0.49602497 I 0 1 0
SPAC13G6.02c 0 252 1 0 0.046364178 41 81674.19 91.36182447 0.000577 2773.5 0 0 0 0 0 0 0 174865 176655 1.035136365 1128.333333 0.887961009 I 0 1 0
SPAC13G6.04 2 87 1 0 0.047797804 1.7 31735.3 NA 0.0016589 596.4 0 0 0 0 0 0 0 180272 181069 1.039158685 78.67833333 0.652308605 I 0 1 0
SPAC13G6.07c 0 239 1 0 0.049399796 68 1159.5 89.10138258 0.0024331 NA 0 0 0 0 0 0 0 186314 187683 NA 2144.166667 0.983843112 I 0 1 0
SPAC13G7.01c 3 721 1 0 0.607875693 3 4642.78 35.73563374 0.0026285 1134.6 0 0 0 0 0 0 0 2292636 2295220 NA 65.785 0.582680665 I 1 1 0
SPAC13G7.02c 0 644 1 0 0.608656273 9.7 45675.5 27.46463786 0.0038477 675.2 0 0 0 0 0 0 0 2295580 2297981 NA 115.67 0.305105055 I 0 1 0
SPAC13G7.13c 0 533 1 0 0.614731222 6.3 2557.81 37.85560199 0.0041007 317.4 0 0 0 0 0 0 0 2318492 2322664 1.013889002 36.61833333 0.159532318 I 0 1 0
SPAC1420.01c 1 580 1 0 0.33415669 6.6 NA 22.16194937 0.0030152 NA 0 0 0 0 0 0 0 1260290 1262985 1.11578965 126.8166667 0.238213936 I 0 1 0
SPAC144.17c 2 449 1 0 0.492336435 0.87 1590.38 32.18495943 0.0029197 NA 0 0 0 0 0 0 0 4686302 4689196 1.027413319 20.89833333 0.419380882 I 0 1 0
SPAC14C4.08 0 185 1 0 0.185341277 0.063 NA NA 0.0032441 NA 0 0 0 0 0 0 0 5242952 5244114 1.045663178 0.8927 0.034493963 I 0 1 0
SPAC1527.03 0 475 1 0 0.65954683 2.6 7245.64 25.61082963 0.003987 922.4 0 0 0 0 0 0 0 4384450 4386950 1.146322707 43.335 0.240954702 I 0 1 0
SPAC1556.06 1 776 1 0 0.981522246 NA NA NA 0.0014599 NA 0 0 0 0 0 0 0 3802551 3804954 NA NA 0.001839662 I 0 1 0
SPAC1565.04c 1 264 1 0 0.343443578 0.57 342.77 31.93320047 0.0022036 496.8 0 0 0 0 0 0 0 1295316 1296634 1.071639013 18.78 0.234846561 I 0 1 0
SPAC1565.05 0 773 1 0 0.343934622 3.2 4936.95 25.09664415 0.0030178 1178.9 0 0 0 0 0 0 0 1297168 1299830 NA 55.34666667 0.458178309 I 1 1 0
SPAC15E1.03 1 106 1 0 0.986970888 120 34882.57 NA 0 NA 0 0 0 0 0 0 0 3722414 3723074 0.294470512 4836.833333 0.683090468 I 0 1 0
SPAC15E1.04 0 625 1 0 0.987331482 3.9 8228.53 26.98142898 0.0018676 668.6 0 0 0 0 0 0 0 3723774 3725936 NA 71.42833333 0.634518628 I 0 1 0
SPAC167.05 0 601 1 0 0.41095156 2.9 3132.9 23.69991952 0.001455 824.1 0 0 0 0 0 0 0 1549926 1553310 NA 44.55833333 0.306927319 I 0 1 0
SPAC1687.06c 0 134 1 0 0.241605184 76 97295.52 111.3669344 0.0010814 1044.4 0 0 0 0 0 0 0 911227 911720 1.06778728 2050.333333 0.811058704 I 0 1 0
SPAC1687.20c 0 672 1 0 0.249173152 0.65 NA 19.25839391 0.0060737 NA 0 0 0 0 0 0 0 939770 941944 NA 7.8215 0.301070805 I 1 1 0
SPAC1687.22c 2 732 1 0 0.250099826 3.7 2318.38 21.70379197 0.0019916 272.3 0 0 0 0 0 0 0 943265 946909 NA 33.77666667 0.292698765 I 0 1 0
SPAC16C9.04c 2 489 1 0 0.211285852 5.8 5627.75 35.3004734 0.0023834 717.7 0 0 0 0 0 0 0 796876 798833 1.106206167 78.14 0.557396968 I 0 1 0
SPAC16C9.06c 0 925 1 0 0.212416686 2.9 3387.85 41.38744824 0.003153 572.9 0 0 0 0 0 0 0 801141 804123 1.031138734 56.74333333 0.62941453 I 0 1 0
SPAC16E8.01 1 1420 1 0 0.927731116 11 9393.64 40.1570899 0.0027092 625 0 0 0 0 0 0 0 3498988 3503915 0.792101686 114.0566667 0.448418718 I 0 1 0
SPAC16E8.11c 5 533 1 0 0.933348164 1.9 1157.3 23.99751689 0.0009162 414.9 0 0 0 0 0 0 0 3520173 3522395 NA 38.43666667 0.5030005 I 1 1 0
SPAC16E8.13 0 547 1 0 0.934688195 1.3 930.66 19.9058672 0.0021312 NA 0 0 0 0 0 0 0 3525227 3527875 1.074191535 26.32666667 0.547937086 I 0 1 0
SPAC1705.03c 0 421 1 0 0.416171424 48 1242.68 23.3538812 0.0017297 567.8 0 0 0 0 0 0 0 1569613 1571567 NA 1315.333333 0.361537741 I 0 1 0
SPAC1783.07c 0 552 1 0 0.583407529 6.1 2711.13 15.4064772 0.0034318 181.7 0 0 0 0 0 0 0 2200353 2203135 NA 105.9633333 0.202472527 I 0 1 0
SPAC17A2.09c 0 632 1 0 0.946561285 10 5354.23 26.70032501 0.0034594 140.8 0 0 0 0 0 0 0 3570007 3572345 0.987916092 26.71833333 0.383192719 I 0 1 0
SPAC17A5.03 0 388 1 0 0.465594818 120 NA 75.64141829 0.0003879 NA 0 0 0 0 0 0 0 NA NA NA NA 0.962549882 I 1 1 0
SPAC17A5.14 2 1328 1 0 0.471541704 2.9 3007.75 32.05517892 0.0025366 759 0 0 0 0 0 0 0 1778445 1782740 NA 49.385 0.567280951 I 0 1 0
SPAC17A5.16 7 925 1 0 0.473645346 2 1556.23 37.88988397 0.0022071 660 1 0 0 0 0 0 0 1786379 1790355 1.063655734 26.15333333 0.402616719 I 0 1 0
SPAC17C9.03 0 1403 1 0 0.598865112 26 25066.75 70.25906557 0.003241 1286.9 0 0 0 0 0 0 0 4491952 4496637 NA 449.6666667 0.660052161 I 1 1 0
SPAC17C9.12 2 319 1 0 0.608085732 9.1 81008.39 49.96891452 0.0004562 771.4 0 0 0 0 0 0 0 4477935 4479970 NA 186.4333333 0.427194356 I 0 1 0
SPAC17C9.14 1 232 1 0 0.609749837 3.5 NA 39.31580086 0.0006265 547.3 0 0 0 0 0 0 0 4475785 4476962 0.993608896 75.76666667 0.257115519 I 0 1 0
SPAC17G6.03 0 635 1 0 0.951978946 1.3 NA 21.33693768 0.0034431 487.6 0 0 0 0 0 0 0 3590440 3595067 1.048448554 15.36283333 0.270389239 I 0 1 0
SPAC17G6.06 1 134 1 0 0.954257582 37 76807.15 108.8508684 0 1123.7 0 0 0 0 0 0 0 3599034 3599783 0.996053897 1221.166667 0.642751582 I 0 1 0
SPAC17G6.12 4 767 1 0 0.957717164 1.5 2902.52 29.57753728 0.0019009 776.2 0 0 0 0 0 0 0 3612082 3614883 NA 26.56833333 0.57057372 I 1 1 0
SPAC17G6.13 0 433 1 0 0.958645959 6.7 5648.2 27.37790531 0.0010091 503.9 0 0 0 0 0 0 0 3615585 3617100 1.05814243 135.085 0.435989873 I 0 1 0
SPAC17G8.01c 1 787 1 0 0.620765605 2 3369.63 16.71669343 0.0029642 NA 0 0 0 0 0 0 0 2341251 2343947 NA 33.09333333 0.511568191 I 1 1 0
SPAC17G8.10c 0 267 1 0 0.625213904 1.5 NA 14.06034428 0.0010894 NA 0 0 0 0 0 0 0 2358028 2359871 1.065314924 23.30666667 0.378395833 I 0 1 0
SPAC17G8.12 0 608 1 0 0.626615978 1.8 1747.99 18.81899141 0.0021574 737.1 0 0 0 0 0 0 0 2363316 2367055 NA 24.79666667 0.361047799 I 1 1 0
SPAC17G8.13c 2 407 1 0 0.6266645 1.6 NA 20.22994184 0.0010734 NA 0 0 0 0 0 1 0 2363499 2367108 1.172567986 35.54166667 0.375902448 I 0 1 0
SPAC17G8.14c 4 988 1 0 0.627629884 2.1 1235.28 25.49622879 0.0020665 665.2 0 0 0 0 0 0 0 2367140 2370652 1.025245513 34.97 0.495660612 I 0 1 0
SPAC1805.11c 1 119 1 0 0.740500865 78 15373.57 124.1598309 0.0024331 NA 0 0 0 0 0 0 0 2792839 2793544 1.029843067 2416.5 0.824944867 I 0 1 0
SPAC1834.02 0 1573 1 0 0.487130576 12 26383.59 58.14594641 0.0021332 867.3 0 0 0 0 0 0 0 4693681 4698606 NA 139.3833333 0.669471917 I 1 1 0
SPAC1834.08 1 1639 1 0 0.477916595 2.5 373.5 32.15680861 0.0023367 NA 0 0 0 0 0 0 0 4709727 4715261 1.123524394 21.05 0.294650469 I 0 1 0
SPAC1851.04c 0 1052 1 0 0.593171861 2 124.73 21.54575138 0.0026416 NA 0 0 0 0 0 0 0 4503486 4506928 0.453403151 28.81 0.399707552 I 0 1 0
SPAC18B11.02c 0 394 1 0 0.083247913 2.6 2441.5 49.70892565 0.0014783 NA 0 0 0 0 0 0 0 313974 315335 1.051063369 60.81166667 0.689887302 I 0 1 0
SPAC18B11.03c 1 447 1 0 0.08270331 0.44 NA 29.25656117 0.0023172 NA 0 0 0 0 0 0 0 311920 314040 1.012085029 7.783 0.40473545 I 0 1 0
SPAC18G6.05c 1 2670 1 0 0.588387439 6.3 6190.3 49.11688077 0.0026238 1042.2 0 0 0 0 0 0 0 2219135 2227378 1.06967547 49.63833333 0.598812882 I 0 1 0
SPAC18G6.11c 1 599 1 0 0.593047852 3.4 912.49 15.74048789 0.0031718 NA 0 0 0 0 0 0 0 2236712 2239308 NA 58.49333333 0.45764467 I 1 1 0
SPAC1952.03 1 324 1 0 0.335712575 0.7 401.53 29.3105083 0.0013476 888.4 0 0 0 0 0 0 0 4970821 4972306 1.02896549 16.44166667 0.345860951 I 0 1 0
SPAC1952.11c 0 835 1 0 0.326106356 3.8 12767.12 45.64285192 0 400.1 0 0 0 0 0 0 0 4986541 4989670 1.063215108 60.36666667 0.60743019 I 1 1 0
SPAC1952.13 2 656 1 0 0.323916133 2.5 1193.86 20.22190995 0.0006666 1107.5 0 0 0 0 0 0 0 4991106 4993629 NA 39.35833333 0.595426253 I 1 1 0
SPAC1952.17c 2 619 1 0 0.319065999 0.54 632.93 22.66566161 0 683.1 0 0 0 0 0 0 0 4999993 5002396 1.060419106 11.92933333 0 I 0 1 0
SPAC19A8.01c 0 1082 1 0 0.660227588 2.1 NA 23.63203403 0.0016176 NA 0 0 0 0 0 0 0 2490084 2494363 1.114540867 16.42 0.278343455 I 0 1 0
SPAC19A8.03 2 559 1 0 0.658192353 2.4 NA 31.79744397 0.0018248 NA 0 0 0 0 0 0 0 2482408 2484948 1.073563987 40.59333333 0.463432432 I 0 1 0
SPAC19A8.08 0 1049 1 0 0.654524899 2 1249.34 24.51625365 0.0029253 NA 0 0 0 0 0 0 0 2468576 2472061 1.16921043 30.52833333 0.379921543 I 0 1 0
SPAC19D5.03 2 405 1 0 0.205087025 0.89 NA 21.42153509 0.0017978 NA 0 0 0 0 0 0 0 5206595 5208422 1.033749139 17.40333333 0.4096773 I 0 1 0
SPAC19D5.07 0 474 1 0 0.196029053 1.6 679.79 33.9779286 0.0018479 367.6 0 0 0 0 0 0 0 5222447 5224795 1.090616849 9.971833333 0.455958294 I 0 1 0
SPAC1A6.01c 1 455 1 0 0.282693023 1.3 291.3 24.28488022 0.0025611 336.7 0 0 0 0 0 0 0 1066192 1070006 1.0606388 27.90166667 0.528314047 I 0 1 0
SPAC1B1.02c 0 537 1 0 0.938280083 2.1 557.96 17.75706078 0.0013567 NA 0 0 0 0 0 0 0 3538774 3540942 1.087080654 36.345 0.223082166 I 0 1 0
SPAC1B1.04c 7 681 1 0 0.939852909 3.1 NA 31.29972318 0.002413 NA 0 1 0 0 0 0 0 3544706 3548171 1.063293496 61.79833333 0.333055693 I 0 1 0
SPAC1B2.05 2 720 1 0 0.746547975 1.7 2867.82 20.04161715 0.0022272 3704.6 0 0 0 0 0 0 0 2815646 2820694 NA 24.61 0.531441512 I 1 1 0
SPAC1B3.05 3 640 1 0 0.355238139 4.8 2104.36 31.98671671 0.0013889 1109.5 0 0 0 0 0 0 0 4934547 4937012 1.180086221 100.4416667 0.499775612 I 0 1 0
SPAC1B9.02c 3 696 1 0 0.636877001 3.1 4559.69 29.60850892 0.0012567 1083.8 0 0 0 0 0 0 0 2402016 2404815 1.081209655 61.71666667 0.489148501 I 0 1 0
SPAC1F12.04c 0 191 1 0 0.977682303 2.3 NA 37.69195427 0.0007603 989 0 0 0 0 0 0 0 3811066 3811895 1.043073253 63.32666667 0.322689781 I 0 1 0
SPAC1F12.07 0 389 1 0 0.974766801 13 73827.05 60.36123 0.0026203 692.1 0 0 0 0 0 0 0 3815681 3817165 NA 384.2833333 0.551726695 I 0 1 0
SPAC1F3.02c 0 1116 1 0 0.162630311 1.7 237.4 21.19556278 0.0020911 469.4 0 0 0 0 0 0 0 613369 617324 NA 20.28166667 0.362219987 I 0 1 0
SPAC1F7.05 1 811 1 0 0.746381763 16 35764.13 32.77324851 0.0021574 515.4 0 0 0 0 0 0 0 4226958 4229989 NA 341.6 0.761506051 I 1 1 0
SPAC1F7.11c 2 782 1 0 0.736476248 2.6 683.69 22.88308084 0.0020509 1074.1 0 0 0 0 0 0 0 4244723 4247894 1.065964461 32.13833333 0.406595298 I 0 1 0
SPAC1F7.13c 0 253 1 0 0.734499018 110 374427.3 106.7833653 0.0017242 NA 0 0 0 0 0 0 0 NA NA NA NA 0.496068342 I 0 1 0
SPAC20G4.02c 0 1372 1 0 0.421194869 0.42 NA 18.7354149 0.0025537 NA 0 0 0 0 0 0 0 4813111 4817790 1.210225103 4.820666667 0.268764804 I 0 1 0
SPAC20G4.03c 0 704 1 0 0.419557873 1.3 NA 19.76179967 0.0018636 NA 0 0 0 0 0 0 0 4818012 4820749 1.103511265 13.841 0.341275499 I 0 1 0
SPAC20G8.06 0 2100 1 0 0.372036036 5.1 3791.25 34.94067736 0.0011163 745 0 0 0 0 0 0 0 1403154 1409763 NA 48.77 0.629742112 I 1 1 0
SPAC20H4.08 0 270 1 0 0.563344446 1.8 NA 28.51333324 0.0010774 NA 0 0 0 0 0 0 0 2124684 2125978 1.102688816 41.68666667 0.321383224 I 0 1 0
SPAC222.07c 3 639 1 0 0.253020108 1.9 NA 24.57882768 0.0029653 472.7 0 0 0 0 0 0 0 954279 956707 1.131182362 39.13833333 0.388097159 I 0 1 0
SPAC222.10c 0 665 1 0 0.255150529 1.8 613.83 22.17506821 0.003288 NA 0 0 0 0 0 0 0 962314 964867 NA 30.22166667 0.430048199 I 1 1 0
SPAC222.14c 3 762 1 0 0.25820736 2.4 10154.09 36.88136795 0.0013405 920.4 0 0 0 0 0 0 0 973843 976782 1.0677555 44.605 0.482892031 I 0 1 0
SPAC227.07c 3 463 1 0 0.134565752 4.9 8636.27 19.99562044 0.0006292 728.4 0 0 0 0 0 0 0 507522 509960 1.09928199 102.6 0.628474482 I 0 1 0
SPAC227.09 1 417 1 0 0.135580718 1.5 2400.82 41.31202943 0.0052387 1060.9 0 1 0 0 0 0 0 511350 513382 NA 31.9 0.36836206 I 1 1 0
SPAC227.12 1 462 1 0 0.136723748 1.3 1896.07 22.02301006 0.0025224 656.9 0 0 0 0 0 0 0 515661 517504 NA 28.43166667 0.440498057 I 1 1 0
SPAC227.15 0 873 1 0 0.138695349 3.9 199.97 29.53913564 0.0030066 NA 0 0 0 0 0 0 0 523097 526412 1.045328366 48.46666667 0.173628919 I 0 1 0
SPAC22A12.11 0 580 1 0 0.311994207 6.2 33980.02 36.94346373 0.0010051 754.1 0 0 0 0 0 0 0 1176703 1178897 1.049176784 121.8733333 0.587006731 I 0 1 0
SPAC22A12.14c 2 347 1 0 0.31313326 5 NA 43.72215781 0.0029365 530.8 0 0 0 0 0 0 0 1180999 1182528 1.096883775 93.345 0.338669634 I 0 1 0
SPAC22E12.07 0 386 1 0 0.301990674 7.2 13245.55 NA 0.0003772 745.2 0 0 0 0 0 0 0 5030439 5033261 NA 166.2333333 0.323907015 I 1 1 0
SPAC22E12.14c 0 646 1 0 0.293271829 2.7 2338.58 17.90345237 0.0029332 NA 0 0 0 1 0 0 0 5045616 5049021 1.003241949 19.19 0.348646101 I 0 1 0
SPAC22E12.18 1 336 1 0 0.289220554 2.6 6844.22 35.48151662 0.0017328 717.9 0 0 0 0 0 0 0 5055172 5056344 NA 60.30166667 0.511592411 I 0 1 0
SPAC22F3.04 6 1487 1 0 0.185058997 0.019 NA NA 0.0026561 NA 0 0 0 0 0 0 0 697960 702755 1.124791172 0.100098333 0.459861431 I 0 1 0
SPAC22F3.08c 0 481 1 0 0.182774793 1.3 3128.05 24.08777585 0.0012115 743.3 0 0 0 0 0 0 0 689345 691122 1.046758972 25.43 0.495367687 I 0 1 0
SPAC22F8.05 0 891 1 0 0.433657395 1.8 6682.65 19.33367346 0.0024549 345.5 0 0 0 0 0 0 0 4791892 4795263 1.074293065 17.27416667 0.327741438 I 0 1 0
SPAC22F8.08 0 926 1 0 0.429569607 8.9 16739.62 37.78802826 0.0009449 660.8 0 0 0 0 0 0 0 4799541 4802652 NA 144.1666667 0.626813211 I 1 1 0
SPAC22G7.06c 0 2244 1 0 0.195984732 28 31124.3 55.22674107 0.0013656 1057.4 0 0 0 0 0 0 0 739167 746117 1.079076128 231.2166667 0.583890433 I 0 1 0
SPAC22G7.07c 0 419 1 0 0.197938834 0.72 NA 26.84335937 0.0017674 NA 0 1 0 0 0 0 0 746537 748971 1.036303703 10.17933333 0.012429752 I 0 1 0
SPAC22H10.11c 0 629 1 0 0.634207014 3.9 222.37 23.53399077 0.0034758 88.5 0 0 0 0 0 0 0 2391946 2394372 0.649579851 56.84666667 0.364781794 I 0 1 0
SPAC22H10.12c 1 440 1 0 0.635034789 4.6 11998.66 29.9493328 0.0026483 701.6 0 0 0 0 0 0 0 2395068 2396905 NA 123.5666667 0.608006807 I 1 1 0
SPAC22H12.01c 0 234 1 0 0.236846138 3.5 17342.8 38.34035548 0.0024849 754.5 0 0 0 0 0 0 0 893278 894532 1.187979098 75.15666667 0.31880746 I 0 1 0
SPAC22H12.04c 0 252 1 0 0.238110073 110 84511.14 98.87007686 0.0023081 3002.3 0 0 0 0 0 0 0 898045 898994 NA 2892.666667 0.826224917 I 0 1 0
SPAC23A1.04c 1 787 1 0 0.825079844 1.3 265.02 20.00614112 0.0031494 NA 0 0 0 0 0 0 0 4084455 4087736 1.111834465 19.41166667 0.365327847 I 0 1 0
SPAC23A1.08c 0 112 1 0 0.821707378 110 157779.05 127.6835897 0 4041.2 0 0 0 0 0 0 0 4093344 4093832 NA 3902.5 0.895897243 I 1 1 0
SPAC23A1.11 1 197 1 0 0.819333484 110 90460.46 106.2202121 0 NA 0 0 0 0 1 0 0 4097268 4098123 1.112129561 3034.666667 0.846979321 I 0 1 0
SPAC23A1.16c 0 197 1 0 0.815098538 0.66 NA 14.14836499 0.0029492 344.4 0 0 0 0 0 0 0 4104690 4105778 NA 9.466166667 0.36514819 I 1 1 0
SPAC23A1.17 0 1611 1 0 0.811632023 9.2 9392.78 61.72485368 0.0026515 811.7 0 0 0 0 0 0 0 4106702 4112044 NA 94.69333333 0.222312675 I 0 1 0
SPAC23C11.09 0 959 1 0 0.569287885 9.2 16607.18 57.24675002 0.0019769 953.3 0 0 0 0 0 0 0 2147100 2150190 NA 141.1333333 0.735914015 I 1 1 0
SPAC23C11.16 0 683 1 0 0.57381175 1.7 1387.34 18.91715906 0.0019209 NA 0 0 0 0 0 0 0 2164162 2166765 NA 26.84333333 0.574593416 I 1 1 0
SPAC23C4.03 0 488 1 0 0.274236031 5.1 NA 39.32164991 0.0035825 NA 0 0 0 0 0 0 0 1034296 1035992 1.102678813 73.24333333 0.441987567 I 0 1 0
SPAC23D3.13c 3 1616 1 0 0.667423664 1.6 1289.52 29.7712688 0.0033404 2409 1 0 0 0 0 0 0 4367585 4372712 1.089033759 18.27333333 0.495012305 I 0 1 0
SPAC23E2.03c 0 569 1 0 0.119542236 2.7 NA 27.08705854 0.0033295 NA 0 0 1 0 0 0 0 450860 453603 1.050452796 10.4635 0.209209035 I 0 1 0
SPAC23G3.02c 1 4924 1 0 0.226551973 1.6 622.78 56.9592478 0.0036499 NA 0 0 0 0 0 0 0 854453 869704 1.058015126 7.955166667 0.395596617 I 0 1 0
SPAC23G3.08c 0 875 1 0 0.233500568 2.9 1451.35 27.20554546 0.0026664 NA 0 0 0 0 0 0 0 880660 884231 1.069082357 40.99666667 0.400035405 I 0 1 0
SPAC23H4.01c 0 945 1 0 0.426290065 4.7 4698.99 30.71585927 0.0030864 1425.7 0 0 0 0 0 0 0 1607776 1611164 1.092209875 66.31333333 0.469849477 I 0 1 0
SPAC23H4.10c 0 518 1 0 0.421508747 25 102590.47 49.73879525 0.0014064 848 0 0 0 0 0 0 0 1589743 1593248 1.012773373 215.435 0.551942977 I 0 1 0
SPAC24B11.11c 0 607 1 0 0.058780545 2.1 3317.02 16.47515281 0.0026412 582 0 0 0 0 0 0 0 221694 223991 NA 42.17333333 0.733258755 I 1 1 0
SPAC24H6.01c 5 583 1 0 0.129885718 1 763.02 44.20219463 0.0014615 NA 0 0 0 0 0 0 0 489871 492181 NA 22.00333333 0.505656648 I 1 1 0
SPAC24H6.03 6 785 1 0 0.128785906 1.1 666.85 25.77881425 0.0016382 NA 0 0 0 0 0 0 0 485723 488811 1.02670397 22.48666667 0.514616594 I 0 1 0
SPAC24H6.05 1 596 1 0 0.127063804 3.8 NA 21.27030294 0.0007336 NA 0 0 0 0 0 0 0 479228 482556 NA 28.84333333 0.361881932 I 1 1 0
SPAC24H6.07 1 191 1 0 0.126036642 72 110579.57 103.9738881 0.0030414 NA 0 0 0 0 0 0 0 475354 476128 0.775219379 2755 0.954747774 I 0 1 0
SPAC24H6.09 1 753 1 0 0.12461203 3.6 4505.84 19.35775574 0.0015489 NA 0 0 0 0 0 0 0 469981 472993 1.026647843 52.39666667 0.281928929 I 0 1 0
SPAC25A8.02 0 390 1 0 0.557380327 1.9 NA 24.69920524 0.0022402 NA 0 0 0 0 0 0 0 2102190 2104103 1.126844676 30.74 0.143804494 I 0 1 0
SPAC25G10.05c 1 310 1 0 0.704435048 22 52724 55.14809769 0.0032858 813.6 0 0 0 0 0 0 0 4304356 4305811 1.036298729 511.5833333 0.571026099 I 0 1 0
SPAC25G10.06 1 68 1 0 0.704109751 39 71318.86 174.4715148 0 NA 0 0 0 0 0 0 0 4305949 4306399 0.599288406 1468.833333 0.639184035 I 0 1 0
SPAC25G10.08 0 725 1 0 0.700424159 33 49906.24 47.05362058 0.0016087 871.5 0 0 0 0 0 0 0 4310535 4313061 NA 779.5666667 0.722328231 I 1 1 0
SPAC25H1.06 0 408 1 0 0.671135824 1.6 579.07 25.54463097 0.0014277 1095.3 0 0 0 0 0 0 0 2531225 2532877 0.549077576 49.02 0.373114094 I 0 1 0
SPAC26A3.04 0 176 1 0 0.884960947 120 NA 124.6928752 0.0016496 NA 0 0 0 0 1 0 0 3337678 3338408 0.80438012 3155.833333 0.840888889 I 0 1 0
SPAC26A3.07c 0 174 1 0 0.887185494 35 NA 94.43789628 0.0008342 NA 0 0 0 0 0 0 0 3346068 3346937 0.932232193 985.15 0.702861314 I 0 1 0
SPAC26A3.10 2 923 1 0 0.888850325 1.6 121.87 17.02545071 0.0022119 NA 0 0 0 0 0 0 0 3352347 3356297 1.055482716 21.52 0.230634261 I 0 1 0
SPAC26A3.14c 2 73 1 0 0.892554369 2.2 5276.24 59.15636143 0.0019728 NA 0 0 0 0 0 0 0 3366317 3367205 1.042241718 74.28833333 0.248011598 I 0 1 0
SPAC26F1.01 0 928 1 0 0.217385796 1.5 NA 18.81668268 0.0034596 NA 0 0 0 0 0 0 0 5182774 5186191 1.079972348 22.36833333 0.344167494 I 0 1 0
SPAC26F1.09 0 1031 1 0 0.227996121 2.5 2045.26 24.91040148 0.001556 538.5 0 0 0 0 0 0 0 5163555 5167012 1.096187013 35.62833333 0.232880258 I 0 1 0
SPAC26F1.13c 0 1111 1 0 0.236028965 21 37736.69 57.84849007 0.0024944 730.2 0 0 0 0 0 0 0 5148780 5152492 NA 314.4166667 0.736812145 I 1 1 0
SPAC26F1.14c 0 611 1 0 0.238318768 1.4 7797.65 30.05122762 0.0017741 1344.8 0 0 0 0 0 0 0 5146123 5148353 1.087651807 22.42833333 0.479155669 I 0 1 0
SPAC26H5.12 0 1154 1 0 0.789798952 1.5 132.6 25.06875337 0.0014325 NA 0 0 0 0 0 0 0 4147643 4151509 NA 20.65166667 0.478371933 I 1 1 0
SPAC27D7.02c 0 750 1 0 0.591488947 2 1461.34 21.22577973 0.0031707 577 0 0 0 0 0 0 0 4507217 4509970 1.088930403 35.73833333 0.197261693 I 0 1 0
SPAC27D7.03c 0 750 1 0 0.588697921 0.43 NA 22.663241 0.0019439 NA 0 0 0 0 0 0 0 4510983 4515015 1.063683104 15.93166667 0.382843124 I 0 1 0
SPAC27D7.11c 0 463 1 0 0.579837451 41 43874.57 35.11744938 0.0037144 814.9 0 0 0 0 0 0 0 NA NA NA NA 0.409892935 I 0 1 0
SPAC27F1.05c 0 484 1 0 0.693468999 0.74 NA 26.35735516 0.003311 NA 0 0 0 0 0 0 0 4323424 4325633 1.030396448 9.433833333 0.282508876 I 0 1 0
SPAC29A4.02c 1 409 1 0 0.239888824 71 124342.95 94.79674019 0.0040303 NA 0 0 0 0 0 0 0 5143745 5145515 1.055774692 1933.666667 0.604979388 I 0 1 0
SPAC29A4.04c 0 474 1 0 0.241728301 23 46674.78 55.27467351 0.0024622 1033.3 0 0 0 0 0 0 0 5140322 5142190 NA 498.6166667 0.716449458 I 1 1 0
SPAC29A4.11 0 969 1 0 0.248953988 2.4 1845.81 22.04772069 0.0016555 1049.5 0 0 0 0 0 0 0 5123328 5129129 1.184579739 4.846833333 0.217341624 I 0 1 0
SPAC29A4.15 0 450 1 0 0.254472972 13 52190.67 76.2727669 0.0019422 771.8 0 0 0 0 0 0 0 5117470 5119153 NA 291.1833333 0.584135795 I 1 1 0
SPAC29A4.16 0 636 1 0 0.255802374 15 7431 39.13023153 0.0020626 803.2 0 0 0 0 0 0 0 5113913 5116750 NA 246.9166667 0.35803935 I 1 1 0
SPAC29A4.20 1 544 1 0 0.261543755 3.3 5494.77 36.35976375 0.0010715 543.6 0 0 0 0 0 0 0 5104252 5106372 0.810019738 68.67 0.664498342 I 0 1 0
SPAC29B12.04 0 296 1 0 0.090142671 48 117814.75 43.82743012 0.0014746 597.8 0 0 0 0 0 0 0 5414891 5416193 0.563001701 902.65 0.737270927 I 0 1 0
SPAC29E6.01 2 506 1 0 0.65018735 1 NA 24.22360473 0.0014397 NA 0 0 0 0 0 0 0 4401733 4403868 1.058287365 25.20666667 0.396157071 I 0 1 0
SPAC29E6.06c 0 754 1 0 0.644584275 4.8 11370.46 44.79153632 0.0021269 952.8 0 0 0 0 0 0 0 4411564 4413996 NA 102.7716667 0.635508574 I 1 1 0
SPAC29E6.10c 0 1085 1 0 0.639873555 6 1225.42 23.82266576 0.0020164 459.3 0 0 0 0 0 0 0 4418807 4422511 1.02245956 60.94166667 0.476603935 I 0 1 0
SPAC2C4.07c 0 927 1 0 0.721946316 1.4 543.28 13.96809523 0.0042489 NA 0 0 0 0 0 0 0 4270892 4274158 1.047390738 21.31833333 0.449423125 I 0 1 0
SPAC2C4.16c 0 200 1 0 0.714590621 80 108908.36 103.5938026 0.0007263 NA 0 0 0 0 0 0 0 4286744 4287454 0.658850949 2139.333333 0.895732673 I 0 1 0
SPAC2E12.02 1 609 1 0 0.286060526 3.7 7244.83 17.92860113 0.0033505 324.5 0 0 0 0 0 0 0 5059273 5062056 NA 73.44666667 0.405111628 I 1 1 0
SPAC2E1P3.04 0 712 1 0 0.777335549 3.8 2262.91 32.13295009 0.000819 701.1 0 0 0 0 0 0 0 2931763 2935115 1.10329385 91.895 0 I 0 1 0
SPAC2F7.05c 0 395 1 0 0.14315558 22 8475.41 31.61453037 0.0018448 589.5 0 0 0 0 0 0 0 539919 541640 NA 553.3833333 0.632074919 I 1 1 0
SPAC2F7.11 0 529 1 0 0.147227641 6.4 15693.75 24.90651359 0.0027544 422.9 0 0 0 0 0 0 0 555277 559051 1.077456659 8.876333333 0.193369231 I 0 1 0
SPAC2F7.13c 0 395 1 0 0.14819064 8.3 13317.34 58.70585714 0.001106 829.7 0 0 0 0 0 0 0 558909 560549 NA 158.4833333 0.579391248 I 1 1 0
SPAC2F7.16c 0 1369 1 0 0.149814904 2.7 447.36 28.83254483 0.0017074 NA 0 0 0 0 0 0 0 565035 569485 NA 39.47833333 0.545694649 I 0 1 0
SPAC2G11.02 1 1318 1 0 0.214207194 1.4 1677.71 19.44753961 0.0043362 NA 0 0 0 0 0 0 0 807894 812194 NA 21.26 0.224437214 I 1 1 0
SPAC30C2.06c 0 465 1 0 0.518266145 1.3 921.04 26.5827338 0.0009398 557.4 0 0 0 0 0 0 0 4640549 4642326 0.943076315 22.77 0.338791545 I 0 1 0
SPAC30C2.07 0 842 1 0 0.516688897 3.2 441.09 35.09998109 0.0022513 3526.2 0 0 0 0 0 0 0 4642290 4645177 1.166819574 63.19666667 0 I 0 1 0
SPAC30D11.12 2 74 1 0 0.290798965 26 56237.15 161.1438302 0 2771.5 0 0 0 0 0 0 0 1096764 1097387 1.0466051 1261.166667 0.728880841 I 0 1 0
SPAC31A2.10 4 460 1 0 0.107537105 1.7 1948.74 43.31318547 0.0025334 550.7 0 0 0 0 0 0 0 405582 407710 NA 33.36333333 0.301435062 I 0 1 0
SPAC31A2.12 0 596 1 0 0.109146256 3 1257.49 17.928872 0.0026898 NA 0 0 0 0 0 0 0 411651 414448 1.065552319 41.945 0.395197091 I 0 1 0
SPAC31A2.14 1 962 1 0 0.110018841 2.4 2747.24 33.13917999 0.0024255 1847.1 0 0 0 0 0 0 0 414942 418504 1.165249262 39.01666667 0.438685558 I 0 1 0
SPAC31A2.16 3 1101 1 0 0.111348797 1.7 275.87 34.14502656 0.0020035 NA 0 0 0 0 0 0 0 419958 423991 1.159789534 26.69666667 0.40250534 I 0 1 0
SPAC31F12.01 0 938 1 0 0.557651422 3.3 757.41 27.54028017 0.0036338 518 0 0 0 0 0 0 0 NA NA NA NA 0.284577335 I 0 1 0
SPAC31G5.15 7 967 1 0 0.799208761 1.3 607.25 26.84935574 0.0020855 656.3 0 0 0 0 0 0 0 3014259 3017900 1.087535331 14.28666667 0.464858941 I 0 1 0
SPAC31G5.17c 1 144 1 0 0.800552239 64 59850.59 98.51695456 0.0010068 698 0 0 0 0 0 0 0 3019326 3020379 1.129171197 1643.5 0.479582439 I 0 1 0
SPAC328.03 0 513 1 0 0.922457427 6.8 16166.71 24.15939368 0.0008521 716.2 0 0 0 0 0 0 0 3479098 3481305 1.040186818 150.335 0.294467845 I 0 1 0
SPAC328.06 1 1141 1 0 0.924603757 3.1 2679.29 25.92337817 0.0025567 785 0 0 0 0 0 0 0 3487193 3491099 1.146615132 48.06666667 0.511348228 I 0 1 0
SPAC328.10c 1 203 1 0 0.927041745 68 36891.48 99.814523 0.003435 967.5 0 0 0 0 0 0 0 NA NA NA NA 0.693734796 I 0 1 0
SPAC32A11.01 2 720 1 0 0.648332226 0.41 NA 10.81605225 0.0032396 NA 0 0 0 0 0 0 0 2445220 2447714 1.032526768 5.3295 0.42034326 I 0 1 0
SPAC32A11.04c 1 321 1 0 0.647979586 20 21922.58 61.68946007 0.0013601 983.6 0 0 0 0 0 0 0 2443890 2445040 NA 658.4 0.719438503 I 1 1 0
SPAC343.05 2 619 1 0 0.436742786 8.1 41842.96 55.08075926 0.0021191 821.3 0 0 0 0 0 0 0 1647199 1649410 NA 206.6666667 0.741473784 I 1 1 0
SPAC3A11.02 1 583 1 0 0.919489155 2.6 864.94 33.87540514 0.0022498 703.7 0 0 0 0 0 0 0 3467903 3470242 1.030408395 45.54666667 0.262655037 I 0 1 0
SPAC3A11.12c 1 438 1 0 0.913132889 9.6 16899.87 31.20864403 0.0036579 659.7 0 0 0 0 0 0 0 3443930 3446017 NA 191.35 0.602485332 I 1 1 0
SPAC3A12.10 0 176 1 0 0.38135315 61 238676.41 111.8600722 0.0008342 NA 0 0 0 0 0 0 0 1438294 1439013 0.833390209 1947 0.856824675 I 0 1 0
SPAC3A12.18 1 500 1 0 0.385724823 20 58433.96 38.60142076 0.0040794 1078.5 0 0 0 0 0 0 0 1454782 1456870 NA 392.4666667 0.384376649 I 1 1 0
SPAC3C7.06c 0 650 1 0 0.54988103 1.1 345.4 18.19146078 0.0024667 NA 0 0 0 0 0 0 0 2073906 2076990 0.973230666 5.335666667 0.291589684 I 0 1 0
SPAC3C7.08c 0 1057 1 0 0.551250227 7.7 17008.61 33.05330739 0.0028976 984.3 0 0 0 0 0 0 0 2079070 2082533 0.971034137 142.6833333 0.521424279 I 0 1 0
SPAC3C7.12 0 461 1 0 0.553945933 3.4 2564.51 22.74607326 0.0015799 637.6 0 0 0 0 0 0 0 2089237 2091311 0.997329623 74.85333333 0.424720272 I 0 1 0
SPAC3F10.03 0 652 1 0 0.748047357 14 30068.66 68.80424808 0.0008942 804.1 0 0 0 0 0 0 0 2821301 2823619 NA 331.3666667 0.695522442 I 1 1 0
SPAC3F10.04 1 498 1 0 0.748674684 4.4 15278.24 42.20410133 0.0008777 773 0 0 0 0 0 0 0 2823667 2827612 1.07685917 94.455 0.446532282 I 1 1 0
SPAC3F10.16c 1 616 1 0 0.755559645 3.6 9153.29 17.54132199 0.0023661 972.4 0 0 0 0 0 0 0 2849634 2851799 0.557442058 77.79833333 0.576850952 I 0 1 0
SPAC3F10.18c 1 25 1 0 0.756623662 32 NA NA 0 NA 0 0 0 0 0 0 0 NA NA NA NA 0.359465116 I 0 1 0
SPAC3G9.06 2 499 1 0 0.84091173 7.4 39510.14 67.52098031 0.0026277 851.5 0 0 0 0 0 0 0 3171544 3173424 NA 214.05 0.655794991 I 1 1 0
SPAC458.02c 2 468 1 0 0.467576797 13 14386.99 65.37028099 0.0021789 882.7 0 0 0 0 0 0 0 4732068 4733951 1.098168437 299.7833333 0.515937173 I 0 1 0
SPAC458.03 0 868 1 0 0.465559182 0.78 537.21 18.41088387 0.0047038 793.7 0 0 0 0 0 0 0 4734087 4737598 NA 12.795 0.344823574 I 1 1 0
SPAC458.04c 4 360 1 0 0.464804581 0.059 NA 18.70390558 0.0025687 NA 0 0 0 0 0 0 0 4737481 4738962 1.025064796 1.762333333 0.019529032 I 0 1 0
SPAC458.05 0 801 1 0 0.462673554 0.89 NA 16.86945256 0.0012742 457.3 0 0 0 0 0 0 0 4740188 4742814 1.003161442 16.06833333 0.631638158 I 0 1 0
SPAC4A8.10 2 785 1 0 0.679734401 1.5 NA 29.10469066 0.0040327 390.9 0 0 0 0 0 0 0 2563655 2566870 1.071570982 27.19833333 0.447546727 I 0 1 0
SPAC4A8.11c 0 1842 1 0 0.680585774 33 75944.48 73.51777676 0.001505 1137 0 0 0 0 0 0 0 2566866 2572625 NA 363.5666667 0.769479829 I 1 1 0
SPAC4A8.16c 0 918 1 0 0.684094673 26 38906.77 49.20316739 0.0020711 1242.8 0 0 0 0 0 0 0 2580100 2583046 NA 493.4833333 0.759361787 I 1 1 0
SPAC4D7.09 4 458 1 0 0.116041954 6.8 12279.9 51.16821608 0.0018743 868.1 0 0 0 0 0 0 0 5367360 5369378 NA 158.65 0.499393181 I 1 1 0
SPAC4F10.02 1 467 1 0 0.411911734 2 7582.14 34.39114602 0.0009358 NA 0 0 0 0 0 0 0 4832879 4834570 1.035554349 34.65166667 0.577352725 I 0 1 0
SPAC4F10.07c 2 758 1 0 0.406848055 1.6 NA 16.57634616 0.001154 NA 0 0 0 0 0 0 0 4840485 4843723 1.032567141 21.35666667 0.347630556 I 0 1 0
SPAC4F10.13c 1 992 1 0 0.397793402 3.6 11110.13 28.75245984 0.0026463 646 0 0 0 0 0 0 0 4856730 4860090 NA 51.29166667 0.463578125 I 0 1 0
SPAC4F10.14c 1 151 1 0 0.397113487 110 166420.01 99.50907727 0.0028813 702.3 0 0 0 0 0 0 0 4860536 4861319 0.770621521 4338.166667 0.689427374 I 0 1 0
SPAC4F8.11 0 846 1 0 0.704167566 1.1 1611.42 25.41059407 0.0031024 NA 0 0 0 0 0 0 0 2655806 2661104 1.192989593 15.91833333 0.577116245 I 0 1 0
SPAC4F8.13c 0 1489 1 0 0.701403188 2.5 545.89 18.59299932 0.0019626 1009.9 0 0 0 0 0 0 0 2645380 2650427 NA 20.42 0.475426195 I 1 1 0
SPAC4G8.13c 0 681 1 0 0.208608441 1.8 NA 22.75233706 0.0019265 885.4 0 0 0 0 0 0 0 786778 790219 0.550920286 33.245 0.131507759 I 0 1 0
SPAC4G9.08c 0 1165 1 0 0.600809905 2.8 2182.22 27.3090254 0.0016276 533.6 0 0 0 0 0 0 0 2265987 2269606 NA 39.15833333 0.61034667 I 1 1 0
SPAC4H3.01 3 392 1 0 0.970730463 8.6 6889.4 53.69655204 0.0018573 819.7 0 0 0 0 0 0 0 3821682 3824461 1.04400336 215.5833333 0.288438468 I 0 1 0
SPAC4H3.10c 0 509 1 0 0.958457694 380 502022.22 61.37943597 0.0017175 1253.9 0 0 0 0 0 0 0 3844743 3846645 NA 4340.5 0.777518539 I 1 1 0
SPAC513.01c 0 842 1 0 0.770940307 59 NA 71.97532135 0.0002034 NA 0 0 0 0 0 0 0 NA NA NA NA 0.613815729 I 0 1 0
SPAC513.05 0 1077 1 0 0.772753088 2.4 4117.16 33.42291402 0.0027236 603 0 0 0 0 0 0 0 2914480 2920278 1.039611238 31.945 0.053745845 I 0 1 0
SPAC521.03 0 259 1 0 0.224031792 4.9 38309.66 41.77661365 0.0028074 1063.8 0 0 0 0 0 0 0 844948 846142 1.055528263 138.37 0.530684299 I 0 1 0
SPAC521.05 0 200 1 0 0.225217775 80 NA 97.88048735 0.0014526 NA 0 0 0 0 0 0 0 849421 850259 0.838097536 2204.166667 0.801241955 I 0 1 0
SPAC56E4.04c 1 2280 1 0 0.3302925 29 43132.24 57.58438363 0.0024338 1043.8 0 0 0 0 0 0 0 1245716 1253559 NA 298.1833333 0.659847973 I 1 1 0
SPAC56F8.03 0 1079 1 0 0.299483714 16 16055.12 58.4053021 0.0033887 1060.6 0 0 0 0 0 0 0 1129519 1133089 NA 258.25 0.66985109 I 1 1 0
SPAC57A7.04c 0 653 1 0 0.40848043 48 87660.51 75.75724266 0.002009 992.3 0 0 0 0 0 0 0 1540606 1545221 0.874904135 1016.816667 0.40997886 I 0 1 0
SPAC57A7.10c 2 905 1 0 0.403446166 8.2 24154.94 42.10025192 0.0017724 831 0 0 0 0 0 0 0 1521619 1524855 NA 144.45 0.568258659 I 1 1 0
SPAC57A7.11 0 1313 1 0 0.402280598 3.7 273.89 30.37003244 0.0012221 NA 0 0 0 0 0 0 0 1517223 1521460 NA 55.39166667 0.666874048 I 1 1 0
SPAC589.05c 2 346 1 0 0.822234814 2.1 610.79 49.40599584 0.0021035 1223.1 0 0 0 0 0 0 0 3101103 3102688 1.008396936 43.15166667 0.45774433 I 0 1 0
SPAC630.03 4 427 1 0 0.092907592 14 32684.9 44.28924893 0.003752 858 0 0 0 0 0 0 0 350406 352296 NA 359.85 0.719854728 I 1 1 0
SPAC630.15 0 105 1 0 0.095864198 0.046 NA NA 0.0041317 NA 0 0 0 0 0 0 0 361557 363654 1.066744307 0.752116667 0.249922118 I 0 1 0
SPAC637.04 2 862 1 0 0.571032857 1.6 1555.33 25.67278047 0.0020299 614.5 0 0 0 0 0 0 0 4543486 4546946 NA 27.49833333 0.327732962 I 1 1 0
SPAC644.15 1 109 1 0 0.715988953 43 NA 121.1408955 0 593.4 0 0 0 0 0 0 0 2700391 2701213 0.85102758 1483.5 0.550672316 I 0 1 0
SPAC664.04c 1 140 1 0 0.453519425 45 NA 106.6396742 0.0020707 NA 0 0 0 0 0 0 0 1710473 1711124 0.951843088 1605.333333 0.849808905 I 0 1 0
SPAC664.05 0 208 1 0 0.453695214 200 210858.38 132.9869433 0.0034925 1424.2 0 0 0 0 0 0 0 1711136 1712043 NA 5448.166667 0.794112922 I 1 1 0
SPAC688.07c 0 1038 1 0 0.827038139 3.6 3139.27 26.22404622 0.0026982 790.4 0 0 0 0 0 0 0 3119219 3122605 NA 52.63 0.117505418 I 0 1 0
SPAC694.02 0 1717 1 0 0.759867757 12 13913.17 50.37752816 0.0025492 937.2 0 0 0 0 0 0 0 4200148 4205612 1.169447525 125.0333333 0.656200533 I 0 1 0
SPAC694.05c 2 89 1 0 0.75804709 110 NA 147.9846856 0 826.7 0 0 0 0 0 0 0 4208428 4208903 1.055311745 4736.666667 0.771431604 I 0 1 0
SPAC6B12.07c 0 470 1 0 0.642028723 5.6 1762.17 19.71226572 0.0038333 NA 0 0 0 0 0 0 0 2421446 2423898 1.049782559 93.11 0.364010725 I 0 1 0
SPAC6F12.05c 0 569 1 0 0.349187894 3 7283.28 31.96235614 0.0015367 NA 0 0 0 0 0 0 0 1316981 1320472 NA 34.53833333 0.372024532 I 1 1 0
SPAC6F12.08c 4 584 1 0 0.350497964 0.74 1297.56 23.48960548 0.0019964 2130.6 0 0 0 0 0 0 0 1321922 1324634 NA 15.74666667 0.413263573 I 1 1 0
SPAC6F12.11c 1 456 1 0 0.35352722 1.9 632.98 17.87711694 0.0025555 NA 0 0 0 0 0 0 0 1333347 1335669 NA 33.175 0.398484145 I 1 1 0
SPAC6F12.15c 2 671 1 0 0.355836613 0.94 1113.88 19.60574661 0.0015207 277 0 0 0 0 0 0 0 1342057 1344857 NA 14.28666667 0.613614502 I 1 1 0
SPAC6F6.07c 3 151 1 0 0.728047908 220 145064.91 120.2263919 0.0009604 1716.4 0 0 0 0 0 0 0 2745872 2746733 NA 7556 0.912915512 I 1 1 0
SPAC6G10.06 2 376 1 0 0.855596659 0.037 NA NA 0.0054212 NA 0 0 0 0 0 0 0 3226929 3228192 1.113671802 0.283566667 0 I 0 1 0
SPAC6G9.12 0 620 1 0 0.867067262 4.6 14814.87 29.04446553 0.0051718 640.1 0 0 0 0 0 0 0 3270191 3272367 1.079940791 84.175 0.388205556 I 0 1 0
SPAC6G9.14 1 681 1 0 0.868061282 3.7 1200.47 19.96474353 0.0017124 451.3 0 0 0 0 0 0 0 3273940 3278265 1.124517725 58.36 0.346042624 I 0 1 0
SPAC7D4.02c 3 415 1 0 0.699354431 1.8 1893.39 44.36714877 0.0028074 682.6 0 0 0 0 0 0 0 2637653 2639631 1.091116276 48.485 0.125559804 I 0 1 0
SPAC806.03c 0 120 1 0 0.062449855 46 13974.4 105.5532749 0.0060325 5059.4 0 0 0 0 0 0 0 235533 236104 1.038375097 1370 0.916729358 I 0 1 0
SPAC823.03 1 534 1 0 0.685439477 2.4 2989.51 19.24256015 0.0019101 951.6 0 0 0 0 0 0 0 2585172 2587474 0.97843791 41.95333333 0.38883308 I 0 1 0
SPAC823.05c 1 301 1 0 0.686366416 1.9 2385 24.13539745 0.0004834 647.7 1 0 0 0 0 0 0 2588668 2590139 NA 36.17666667 0.525330463 I 0 1 0
SPAC823.09c 3 345 1 0 0.687924659 0.8 NA 32.32633166 0.0041447 NA 0 0 0 0 0 0 0 2594545 2595978 1.067422416 18.38 0.372777531 I 0 1 0
SPAC823.12 0 906 1 0 0.68965445 1.6 388.15 23.92234628 0.0022534 NA 0 0 0 0 0 0 0 2601069 2604177 0.436366741 26.68166667 0.453948142 I 1 1 0
SPAC869.01 0 583 1 0 0.03095411 0.088 NA NA 0.0020113 NA 0 0 0 0 0 0 0 5521275 5523181 1.084295963 0.393755 0.312681175 I 0 1 0
SPAC890.03 3 672 1 0 0.316470815 2.2 NA 30.00866732 0.0004338 NA 0 0 0 0 0 0 0 5004615 5007087 1.116451489 38.635 0.526411174 I 0 1 0
SPAC890.08 1 113 1 0 0.310060584 72 83275.66 168.951606 0 919.1 0 0 0 0 0 0 0 5018030 5018674 NA 2674.666667 0.777212693 I 1 1 0
SPAC8C9.08 1 203 1 0 0.969129436 99 81144.82 95.69779432 0.0024286 NA 0 0 0 0 1 0 0 NA NA NA NA 0.707020021 I 0 1 0
SPAC8C9.15c 3 678 1 0 0.972843024 3.8 9744.08 51.03588153 0.00172 1012.9 0 0 0 0 0 0 0 3669130 3671512 NA 84.465 0.650940674 I 1 1 0
SPAC8E11.02c 1 270 1 0 0.897293264 89 128664.86 59.99085147 0.0016161 772.6 0 0 0 0 0 0 0 3384190 3385685 0.527233068 2040.333333 0.572364958 I 0 1 0
SPAC8F11.09c 1 255 1 0 0.760392931 4.3 5349.43 34.93406534 0.002281 803.6 0 0 0 0 0 0 0 2867863 2869544 1.063666916 79.42 0.332077019 I 0 1 0
SPAC922.04 0 117 1 0 0.054574655 18 NA 51.83524058 0.0012372 689.6 0 0 0 0 0 0 0 5479853 5480485 1.100500827 777.8666667 0 I 0 1 0
SPAC926.04c 0 704 1 0 0.933832491 160 284621 43.69584677 0.0014495 835.5 0 0 0 0 0 0 0 3888558 3891157 NA 2707.166667 0.829138195 I 1 1 0
SPAC926.09c 0 2073 1 0 0.925036748 43 58126.06 63.53728568 0.0016893 1067.3 0 0 0 0 0 0 0 3900130 3907056 1.046689826 363.1666667 0.717610312 I 0 1 0
SPAC959.07 0 262 1 0 0.901266162 72 NA 99.43333186 0.0028002 NA 0 0 0 0 0 0 0 NA NA NA NA 0.898437856 I 0 1 0
SPAC959.08 0 160 1 0 0.901611643 150 39646.57 140.0767655 0.0045431 NA 0 0 0 0 0 0 0 3400477 3401152 0.748735126 3917 0.85553833 I 0 1 0
SPAC977.16c 1 591 1 0 0.017117347 0.19 NA NA 0.0046345 NA 0 0 0 0 0 0 0 64559 66980 1.043959386 7.028333333 0.712013652 I 0 1 0
SPAC9G1.02 0 1401 1 0 0.522021692 3.7 2320.63 23.63230289 0.001666 504.9 0 0 0 0 0 0 0 1968833 1973575 1.089565048 55.025 0.384973309 I 0 1 0
SPAC9G1.03c 1 109 1 0 0.523253545 62 138909.29 127.7617414 0.0013271 3497 0 0 0 0 0 0 0 1973479 1974092 0.539367324 2321.333333 0.580389189 I 0 1 0
SPAC9G1.10c 1 1191 1 0 0.526906946 2.3 NA 29.37534967 0.0023269 656.9 0 0 0 0 0 0 0 1987258 1991122 1.035615159 33.08 0.50610282 I 0 1 0
SPAC9G1.11c 1 380 1 0 0.528026909 3.1 4616.95 28.14296417 0.0030653 701.4 0 0 0 0 0 0 0 1991482 1993169 1.222258975 67.53 0.383186017 I 0 1 0
SPACUNK4.12c 0 969 1 0 0.765456361 1.8 5246.79 41.07038692 0.002709 843.6 0 0 0 0 0 0 0 2886960 2890095 1.220999084 26.40833333 0.605768281 I 0 1 0
SPACUNK4.16c 0 944 1 0 0.76292743 13 17008.61 30.29103396 0.0024717 1112 0 0 0 0 0 0 0 2877422 2880590 1.052753794 122.5383333 0.360647082 I 0 1 0
SPAP7G5.02c 2 539 1 0 0.989934653 21 64447.57 62.02290411 0.0029738 989.3 0 0 0 0 0 0 0 3733592 3735652 NA 482.8666667 0.709810972 I 1 1 0
SPAP7G5.04c 0 1419 1 0 0.991388695 19 36434.59 63.00605099 0.0017477 852.9 0 0 0 0 0 0 0 3739076 3743492 1.086654034 218.9666667 0.681761871 I 0 1 0
SPAP7G5.05 0 221 1 0 0.992705659 50 86913.59 101.3781789 0 NA 0 0 0 0 0 0 0 NA NA NA NA 0.842693384 I 0 1 0
SPAPB17E12.05 1 89 1 0 0.338173337 61 NA 130.0010819 0 NA 0 0 0 0 0 0 0 1275439 1275999 0.712810019 2620.166667 0.649988304 I 0 1 0
SPAPB17E12.13 1 187 1 0 0.34087461 72 21714.84 106.7670221 0.0023296 NA 0 0 0 0 0 0 0 1285627 1286338 NA 2305.666667 0.827870787 I 0 1 0
SPAPB18E9.02c 1 1318 1 0 0.883493336 2.8 134.97 21.63993238 0.0031037 NA 0 0 0 0 0 0 0 3976252 3982149 NA 26.76666667 0.269857835 I 0 1 0
SPAPB1A10.08 1 416 1 0 0.497294219 1.2 NA 16.96468915 0.0021209 NA 0 0 0 0 0 0 0 1875572 1877864 1.06316454 16.70333333 0.064798468 I 0 1 0
SPAPB1E7.05 0 1076 1 0 0.873271601 2.3 2471.73 24.98432259 0.002711 665.5 0 0 0 0 0 0 0 3293591 3297452 1.077315163 24.48 0.526134949 I 0 1 0
SPAPB1E7.07 0 2111 1 0 0.875733186 23 26630.4 48.48994909 0.0031105 674.8 0 0 0 0 0 0 0 3302875 3310369 1.022662803 97.04833333 0.694838114 I 0 1 0
SPAPB1E7.12 0 239 1 0 0.880058724 120 98391.89 92.77985455 0.0018248 NA 0 0 0 0 0 0 0 3319189 3320060 0.874513948 3129.833333 0.979136072 I 0 1 0
SPAPB2B4.05 6 394 1 0 0.721349078 2.9 11895.75 38.98598464 0.0011087 797.6 0 0 0 0 0 0 0 2720607 2722630 NA 88.92166667 0.433467959 I 1 1 0
SPAPB8E5.06c 0 388 1 0 0.365148079 88 152526.51 74.00877356 0.0003842 NA 0 0 0 0 0 0 0 NA NA NA NA 0.823866487 I 0 1 0
SPAPJ698.02c 0 287 1 0 0.852803114 120 247523.34 91.49205827 0.0005069 788.4 0 0 0 0 0 0 0 4036533 4037624 0.585937201 2940 0.774177755 I 0 1 0
SPAPYUG7.02c 2 665 1 0 0.459533995 1.7 221.5 22.40302002 0.0013152 281.3 0 0 0 0 0 0 0 4746022 4748489 1.010242078 30.365 0.512184026 I 0 1 0
SPAPYUG7.03c 0 706 1 0 0.457892573 11 924.57 25.67759218 0.0018636 70.9 0 0 0 0 0 0 0 4748861 4751456 1.11937678 187.75 0.481533911 I 0 1 0
SPAPYUG7.05 0 282 1 0 0.45653385 12 20508.32 59.35971487 0.0025792 811.9 0 0 0 0 0 0 0 4752684 4753912 NA 283.1 0.556977253 I 1 1 0
SPAPYUG7.06 0 201 1 0 0.455972879 1.6 NA 14.63165523 0.0036135 NA 0 0 0 0 0 0 0 4754130 4754926 0.98725516 9.971666667 0.458357843 I 0 1 0
SPBC106.04 1 831 1 0 0.234238124 5.5 5496.21 31.11841067 0.0017236 1397.3 0 0 0 0 0 0 0 380287 383300 0.811591576 81.76166667 0.719835279 II 0 1 0
SPBC106.18 1 141 1 0 0.254672296 210 111384.98 134.7583044 0.0010281 4567.3 0 0 0 0 0 0 0 413462 414503 NA 4289.333333 0.816436333 II 1 1 0
SPBC1105.02c 0 418 1 0 0.353987144 25 85763.45 30.32717954 0.0024389 598.8 0 0 0 0 0 0 0 3505708 3507472 1.118538094 575.4 0.63745 II 0 1 0
SPBC119.15 2 367 1 0 0.46059454 2.5 24264.05 34.19985944 0.0011901 904.1 0 0 0 0 0 0 0 747778 749216 NA 59.535 0.616778426 II 1 1 0
SPBC11B10.09 5 297 1 0 0.924047709 1.8 5406.86 32.51573913 0.0024494 726.9 0 0 0 0 0 0 0 1500197 1502095 NA 46.79 0.492661883 II 1 1 0
SPBC11C11.02 3 670 1 0 0.407829378 2.4 6208.82 39.71846169 0.0017405 713.4 0 0 0 0 0 0 0 3347171 3350452 0.467308939 53.24833333 0.400070731 II 0 1 0
SPBC11C11.07 1 187 1 0 0.40365285 77 28576.37 95.17504605 0.0023296 NA 0 0 0 0 0 0 0 3361513 3362632 0.598832252 2064.166667 0.679701187 II 0 1 0
SPBC11C11.09c 0 294 1 0 0.402604261 67 NA 80.35000286 0.002009 NA 0 0 0 0 0 0 0 3364710 3365690 0.621526159 1695.166667 0.909754536 II 0 1 0
SPBC1215.02c 7 811 1 0 0.927859213 4.1 9347.93 48.15350991 0.0014383 2254.8 0 0 0 0 0 0 0 1506385 1509516 NA 74.65166667 0.489441504 II 1 1 0
SPBC1271.01c 0 396 1 0 0.228527027 0.33 NA 21.99740939 0.0018386 NA 0 0 0 0 0 0 0 371015 373651 1.050183187 6.848166667 0 II 0 1 0
SPBC1289.16c 0 794 1 0 0.038068469 0.39 NA 39.05863079 0.0023872 NA 0 0 0 0 0 0 0 4426157 4428785 1.215150342 3.372666667 0 II 0 1 0
SPBC12C2.03c 0 571 1 0 0.707798723 3.4 14438.9 30.94423821 0.0012761 786.7 0 0 0 0 0 0 0 2473006 2475652 1.274828685 26.57833333 0.43216893 II 0 1 0
SPBC12C2.06 0 503 1 0 0.711092282 8 20180.5 38.85264808 0.0031862 733.6 0 0 0 1 0 0 0 2464269 2466047 NA 159.6666667 0.70858952 II 1 1 0
SPBC12C2.11 2 696 1 0 0.716264593 6.6 11365.78 21.74707906 0.0016756 939.9 0 0 0 0 0 0 0 2448092 2450963 NA 125.3 0.560186975 II 1 1 0
SPBC1347.12 3 379 1 0 0.155778319 0.15 NA NA 0.002305 NA 0 0 0 0 0 0 0 4083633 4085508 1.089906014 2.447333333 0.325992801 II 0 1 0
SPBC13E7.03c 0 713 1 0 0.512211715 3.3 NA 17.24772102 0.0012268 527.4 0 0 0 0 0 0 0 3041640 3046042 1.06641069 50.36333333 0.307748529 II 0 1 0
SPBC13G1.10c 0 1935 1 0 0.270825204 1.8 686.48 25.95768861 0.0025638 548.7 0 0 0 0 0 0 0 3743973 3749997 1.025611335 16.63333333 0.430894895 II 0 1 0
SPBC146.14c 0 940 1 0 0.633738342 9.9 11474.62 48.00022194 0.0020168 2532.2 0 0 0 0 0 0 0 1028878 1032159 NA 175.9 0.584968721 II 1 1 0
SPBC14C8.03 0 426 1 0 0.799084319 13 49579.05 54.76804203 0.0041026 746.6 0 0 0 0 0 0 0 2207697 2209436 0.933349529 240.0833333 0.596059107 II 0 1 0
SPBC14C8.06 1 377 1 0 0.796896271 16 73551.96 68.13504706 0.0027034 1070.5 0 0 0 0 0 0 0 2214396 2215817 NA 371.5 0.616465133 II 1 1 0
SPBC14F5.06 1 593 1 0 0.127745176 12 17564.2 34.0988453 0.0027034 1708.4 0 0 0 0 0 0 0 4164564 4167261 NA 249.3666667 0.591128399 II 1 1 0
SPBC14F5.11c 1 586 1 0 0.123184942 2.6 1413.02 20.55431085 0.0039792 635.9 0 0 0 0 0 0 0 4178326 4180560 1.044891521 43.20333333 0.408787605 II 0 1 0
SPBC1539.03c 0 460 1 0 0.059272063 5.5 25531.83 50.78721732 0.0019 758.2 0 0 0 0 0 0 0 4365346 4366949 0.914740013 92.78833333 0.679710897 II 0 1 0
SPBC1539.09c 0 759 1 0 0.054968319 9.7 21098.9 46.1666521 0.0028813 762.7 0 0 0 0 0 0 0 4377221 4379500 NA 177.7166667 0.644515877 II 1 1 0
SPBC15C4.05 0 1428 1 0 0.784727761 2.1 1394.78 31.02333379 0.002453 788.6 0 0 0 0 0 0 0 2246288 2251304 1.083382991 31.57166667 0.353712784 II 0 1 0
SPBC15D4.14 1 642 1 0 0.515676039 2.2 691.85 20.59665017 0.0015893 555.4 0 0 0 0 0 0 0 3033243 3035939 NA 44.72666667 0.415920889 II 1 1 0
SPBC1604.05 0 550 1 0 0.211307966 50 21779.57 78.23197183 0.0026495 717.2 0 0 0 0 0 0 0 3921659 3923567 NA 1036.8 0.804369188 II 1 1 0
SPBC1604.12 0 860 1 0 0.215417629 4.9 4190.27 24.88153121 0.0032215 1141.4 0 0 0 0 0 0 0 3908635 3911582 1.070817645 62.85166667 0.421414048 II 0 1 0
SPBC1604.14c 0 658 1 0 0.216785459 4 4164.45 21.71386043 0.0017722 751.8 0 0 0 0 0 0 0 3904660 3907593 NA 26.60666667 0.486790698 II 1 1 0
SPBC1652.01 0 391 1 0 0.097553131 2.1 NA 11.77360606 0.003395 NA 0 0 0 0 0 0 0 4252276 4255310 1.050115866 29.245 0.009358997 II 0 1 0
SPBC1683.04 0 832 1 0 0.087626409 1.5 485.59 26.2972918 0.0054328 NA 0 0 0 0 0 0 0 142262 145393 1.07091274 23.865 0 II 0 1 0
SPBC1683.11c 0 518 1 0 0.102586624 2.4 2428.99 28.96022894 0.0011251 539.9 0 0 0 0 0 0 0 166550 168643 1.012995224 26.79 0.513196078 II 0 1 0
SPBC1685.05 0 997 1 0 0.310683792 1.5 318.25 24.16136379 0.0038032 NA 0 0 0 0 0 0 0 504397 509056 1.071546853 12.68633333 0.612250996 II 0 1 0
SPBC1685.10 2 83 1 0 0.318614776 85 220743.44 163.6955909 0.0017379 1070.2 0 0 0 0 0 0 0 517273 517984 NA 3309.333333 0.807035941 II 0 1 0
SPBC1685.14c 2 801 1 0 0.325770277 2 3513.06 27.04061044 0.0038289 775.1 0 0 0 1 0 0 0 528890 532062 1.043931976 17.59666667 0.681184211 II 0 1 0
SPBC1685.15c 1 784 1 0 0.327804763 1.3 351.84 16.48017459 0.0020457 504.7 0 0 0 0 0 0 0 532193 535263 1.005001291 19.59666667 0.43177001 II 0 1 0
SPBC16A3.01 2 412 1 0 0.081899381 2.9 7678.88 29.50119695 0.0021209 783 0 0 0 0 0 0 0 4298727 4300961 0.957720085 55.39833333 0.359125206 II 0 1 0
SPBC16A3.08c 2 284 1 0 0.087216053 110 83565.38 105.1221609 0.0005122 1242.6 0 0 0 0 0 0 0 4283876 4285456 1.090811357 3194.666667 0.523444825 II 0 1 0
SPBC16A3.18 0 490 1 0 0.094508517 3.6 6717.32 24.91386965 0.0014866 835.4 0 0 0 0 0 0 0 4261818 4264189 1.054227632 58.97666667 0.339505682 II 0 1 0
SPBC16C6.11 0 127 1 0 0.064261608 47 28964.06 131.2614022 0.002281 3215.2 0 0 0 0 1 0 0 4351810 4352398 0.433516029 1660 0.777458498 II 0 1 0
SPBC16D10.11c 1 152 1 0 0.315240418 29 155364.24 133.476592 0 NA 0 0 0 0 1 0 0 3619778 3620469 0.993845911 799.2666667 0.121760444 II 0 1 0
SPBC16E9.13 0 474 1 0 0.889791098 13 2392.29 26.12733947 0.000922 139.2 0 0 0 0 0 0 0 1942535 1944908 1.148209706 207.7 0.553059651 II 0 1 0
SPBC16G5.14c 1 249 1 0 0.103029251 180 184602.11 93.55382224 0.0011679 1396.5 0 0 0 0 0 0 0 4238212 4239340 NA 4839.333333 0.519772973 II 1 1 0
SPBC16H5.02 0 942 1 0 0.767854314 72 200724.65 86.25626609 0.0018577 875.3 0 0 0 0 0 0 0 2297164 2300512 1.066142811 901.6 0.801241135 II 1 1 0
SPBC16H5.08c 1 618 1 0 0.772682353 15 31165.1 41.10276566 0.0016509 1132.1 0 0 0 0 0 0 0 2284321 2286432 0.860813951 362.5833333 0.469178926 II 0 1 0
SPBC1703.06 1 662 1 0 0.552760383 1.4 883.47 20.54899857 0.0044038 586.8 0 0 0 0 0 0 0 2925471 2927790 1.169234107 27.955 0.480672771 II 0 1 0
SPBC1709.02c 3 980 1 0 0.676429899 20 31120.36 72.90011459 0.0025298 852 0 0 0 0 0 0 0 1098188 1101503 NA 341.6 0.633783328 II 1 1 0
SPBC1709.05 0 613 1 0 0.681455443 200 205191.57 77.3945026 0.0011888 785.2 0 0 0 0 0 0 0 1106347 1108511 0.19935297 3995 0.377878671 II 0 1 0
SPBC1709.12 3 400 1 0 0.691580444 1.4 525.08 24.96072662 0.0015868 NA 0 0 0 0 0 0 0 1122785 1126031 0.985996601 29.40833333 0.52359507 II 0 1 0
SPBC1709.18 2 243 1 0 0.698638625 5 4912.27 53.51886504 0.0005983 728.8 0 0 0 0 0 0 0 1134244 1135619 1.018883122 131.9833333 0.369025939 II 0 1 0
SPBC1711.03 4 258 1 0 0.822980368 2.6 10817.55 51.01326083 0 930.3 0 0 0 0 0 0 0 2138269 2139748 0.958906973 67.24666667 0.448224782 II 0 1 0
SPBC1711.06 0 363 1 0 0.821388281 40 21303.11 72.83470274 0.0016042 2264.4 0 0 0 0 0 0 0 2143012 2144391 1.03279033 1053.733333 0.840209192 II 0 1 0
SPBC1711.08 1 336 1 0 0.819190289 23 55323.35 31.39767409 0.0017328 778.6 0 0 0 0 0 0 0 2148983 2150801 1.05197618 418.1666667 0.447049582 II 0 1 0
SPBC1718.07c 0 404 1 0 0.360711422 8 NA 26.20237897 0.0014418 80.9 0 0 0 0 0 0 0 3482848 3487862 NA 84.61166667 0.107824113 II 0 1 0
SPBC1734.03 0 733 1 0 0.655340972 2.9 5621.36 44.95786194 0.00255 999.9 0 0 0 0 0 0 0 1063950 1066654 NA 47.38 0.396395463 II 1 1 0
SPBC1734.07c 1 618 1 0 0.659183274 1.3 NA 19.10290006 0.0035376 NA 0 0 0 0 0 0 0 1070188 1073608 0.989574459 23.41166667 0.470432515 II 0 1 0
SPBC1773.03c 0 459 1 0 0.176105909 1.1 2364.39 23.02233227 0.0053951 NA 0 0 0 0 0 0 0 285909 288246 1.082953921 18.23333333 0.433 II 0 1 0
SPBC1773.05c 0 360 1 0 0.179075408 0.59 1330.41 31.94669224 0.0040439 NA 0 0 0 0 0 0 0 290730 292250 1.011204764 10.334 0.656190107 II 0 1 0
SPBC1773.06c 0 346 1 0 0.180612206 0.79 NA 22.42365473 0.0033657 NA 0 0 0 0 0 0 0 293225 294725 1.100236862 13.74 0.615036939 II 0 1 0
SPBC1773.07c 2 215 1 0 0.182350419 39 26737.02 78.19638153 0.0013517 879.4 0 0 0 0 0 0 0 296047 297199 NA 1081.916667 0.748775194 II 1 1 0
SPBC1773.09c 2 551 1 0 0.184383057 0.79 513.41 15.26134646 0.0047604 NA 0 0 0 0 0 0 0 299347 301356 1.02643785 10.8755 0.479636917 II 0 1 0
SPBC1773.10c 0 568 1 0 0.185865651 20 65652.05 48.54650865 0.0030788 865.4 0 0 0 0 0 0 0 301754 303734 NA 525.0666667 0.722541327 II 1 1 0
SPBC1773.14 0 461 1 0 0.192674989 1.8 2808.66 28.26139702 0.0041078 1159.9 0 0 0 0 0 0 0 312809 314761 1.060904866 26.765 0.762534099 II 0 1 0
SPBC1778.01c 0 442 1 0 0.494949762 13 31060.95 61.31537294 0.0016477 1200.2 0 0 0 0 0 0 0 3094849 3096383 NA 298.3666667 0.737695035 II 0 1 0
SPBC17A3.04c 2 782 1 0 0.866591808 9.8 34406.04 68.75828283 0.0029831 1148.3 0 0 0 0 0 0 0 1406917 1410028 NA 126.5516667 0.548983574 II 1 1 0
SPBC17D1.02 3 503 1 0 0.41425019 2.3 3114.84 36.13215611 0.002037 634.7 0 0 0 0 0 0 0 3329701 3331727 1.047556545 44.67666667 0.554052907 II 0 1 0
SPBC17D1.04 0 250 1 0 0.41309873 1.5 NA 32.17255351 0.0017448 297.7 0 0 0 0 0 0 0 3333461 3335085 NA 39.48666667 0 II 1 1 0
SPBC17D1.05 0 368 1 0 0.412390983 11 782.18 30.61366658 0.0027694 NA 0 0 0 0 0 0 0 3335019 3337149 1.074322525 186.35 0 II 0 1 0
SPBC17D11.08 4 435 1 0 0.416210209 2.1 8564.24 26.09193243 0.0043528 531.2 1 0 0 0 0 0 0 3323993 3326011 0.991932255 51.91166667 0.407861771 II 0 1 0
SPBC17F3.02 2 652 1 0 0.704766454 1.6 1157.9 21.35498619 0.0024807 NA 0 0 0 0 0 0 0 2482067 2484495 NA 30.37333333 0.528702196 II 1 1 0
SPBC17G9.08c 5 870 1 0 0.807506297 4.7 4445.48 26.71914276 0.0021789 1330.2 0 0 0 0 0 0 0 2181576 2184875 1.040356498 74.495 0.462808683 II 0 1 0
SPBC17G9.09 0 446 1 0 0.806045884 19 43751.67 63.64803843 0.0013064 4609.9 0 0 0 0 0 0 0 2187455 2189134 0.975699831 434.2333333 0.855351071 II 0 1 0
SPBC17G9.10 0 174 1 0 0.80562926 55 109060.79 94.44781668 0.0058394 NA 0 0 0 0 0 0 0 2189654 2190349 0.807105039 1512.166667 0.886489256 II 0 1 0
SPBC17G9.11c 0 1185 1 0 0.804164389 27 55361.24 57.1556031 0.0016002 955.1 0 0 0 0 0 0 0 2190645 2194621 NA 354.0833333 0.702695387 II 1 1 0
SPBC1861.09 0 526 1 0 0.133843318 3.9 NA 25.87470171 0.0019391 NA 0 0 0 0 0 0 0 4147410 4149477 1.030773449 70.35166667 0.515604824 II 0 1 0
SPBC18E5.04 0 221 1 0 0.84266457 130 4320.58 104.7539306 0.0007324 2077.4 0 0 0 0 0 0 0 NA NA NA NA 0.709045036 II 0 1 0
SPBC18E5.07 0 615 1 0 0.840889031 14 26144.53 39.7895521 0.0028439 701.1 0 0 0 0 0 0 0 2085491 2087521 1.069981669 248.8 0.459503331 II 0 1 0
SPBC18H10.04c 3 388 1 0 0.947363404 35 62968.1 65.42216773 0.0030074 1210.6 0 0 0 0 0 0 0 1775169 1777010 0.882844204 767.4333333 0.505984858 II 0 1 0
SPBC18H10.06c 2 357 1 0 0.945220276 1.1 1834.45 30.95259299 0.0032622 NA 0 0 0 0 0 0 0 1781945 1783260 1.135439282 20.69333333 0.540729291 II 0 1 0
SPBC18H10.19 2 474 1 0 0.936628218 2.3 NA 23.46860406 0.0023699 NA 0 0 0 0 0 0 0 1806207 1808317 0.949112078 46.53 0.117397944 II 0 1 0
SPBC1921.05 0 882 1 0 0.728067913 8.1 22306.9 45.84593448 0.001488 2733.5 0 0 0 0 0 0 0 2411677 2416541 1.042193666 109.5666667 0.390331862 II 0 1 0
SPBC19C2.10 1 501 1 0 0.974739893 1.9 1033.92 26.44391225 0.0020397 517.9 0 0 0 0 0 0 0 1695044 1697172 1.067877426 31.34333333 0.072910915 II 0 1 0
SPBC19C7.01 1 196 1 0 0.592049578 2.7 NA 48.21272477 0.0059283 660.9 0 0 0 0 0 0 0 2811798 2813211 1.107450485 65.27166667 0.10527395 II 0 1 0
SPBC19C7.06 0 716 1 0 0.584876443 20 83982.63 62.60812444 0.0014252 953.1 0 0 0 0 0 0 0 2831724 2834130 NA 360.4833333 0.725480663 II 1 1 0
SPBC19F5.04 1 519 1 0 0.284048818 9.3 20626.21 33.06864868 0.0014037 744.5 0 0 0 0 0 0 0 3709184 3711433 NA 214.4333333 0.561093794 II 1 1 0
SPBC19F8.03c 1 649 1 0 0.447558171 3.1 1943.61 33.04276032 0.0022459 1246.8 0 0 0 0 0 0 0 3232085 3234591 1.013880528 52.62 0.264830911 II 0 1 0
SPBC19F8.08 0 262 1 0 0.443635733 66 177737.66 92.26942983 0.0016759 3236.4 0 0 0 0 0 0 0 NA NA NA NA 0.902088339 II 0 1 0
SPBC19G7.03c 2 61 1 0 0.751072421 35 NA NA 0 NA 0 0 0 0 0 0 0 2348960 2349453 0.78424152 1477 0.697412037 II 0 1 0
SPBC19G7.06 4 457 1 0 0.747059457 3.3 197.14 22.50318369 0.0038249 270.5 0 0 0 0 0 0 0 2357533 2361156 NA 29.37166667 0.062001898 II 0 1 0
SPBC19G7.08c 0 483 1 0 0.74544371 2 NA 15.67104929 0.002413 NA 0 0 0 0 0 0 0 2363815 2365868 0.972775445 24.85 0.357907446 II 0 1 0
SPBC19G7.09 0 568 1 0 0.744303566 2.6 NA 21.72784471 0.0035919 NA 0 0 0 1 0 0 0 2367079 2369193 NA 43.22666667 0.528562827 II 0 1 0
SPBC19G7.10c 4 754 1 0 0.743457287 8 9273.82 46.91936771 0.001971 868.9 0 0 0 0 0 0 0 2368835 2371661 0.576077721 142.9 0.560669348 II 0 1 0
SPBC19G7.14c 2 411 1 0 0.7415199 1.8 1620.12 30.38411902 0.001063 NA 1 0 0 0 0 0 0 2375703 2377311 NA 41.48333333 0.451491379 II 1 1 0
SPBC1A4.02c 0 371 1 0 0.879224277 31 97501.76 88.41847496 0.002747 710.7 0 0 0 0 0 0 0 1974390 1975724 1.086052669 680.8833333 0.586356037 II 0 1 0
SPBC1D7.02c 0 565 1 0 0.954698388 6.8 1960.92 31.86514381 0.0023213 NA 0 0 0 0 0 0 0 1752100 1755619 NA 24.07 0.245629551 II 0 1 0
SPBC20F10.03 0 446 1 0 0.428756595 1.6 623.24 17.01812783 0.0016329 NA 0 0 0 0 0 0 0 3287675 3289422 1.048722292 22.94166667 0.274736655 II 0 1 0
SPBC211.03c 0 1462 1 0 0.226256027 3.1 616.16 36.301012 0.0019957 2059.5 0 0 0 0 0 0 0 3875125 3879974 NA 40.96166667 0.491012091 II 1 1 0
SPBC211.04c 0 892 1 0 0.225196122 3 2059.12 27.00445156 0.0014713 NA 0 0 0 0 0 0 0 3880098 3883065 NA 28.83166667 0.571028295 II 1 1 0
SPBC215.01 0 834 1 0 0.17575433 2.1 372.56 27.51187831 0.0015735 653.1 0 0 0 0 0 0 0 4024162 4027252 1.086440369 36.43833333 0.492019883 II 0 1 0
SPBC215.09c 1 395 1 0 0.168864087 26 102394.93 96.86079362 0.0025806 859.9 0 0 0 0 0 0 0 4045723 4047346 NA 520.55 0.6031875 II 1 1 0
SPBC216.05 0 2386 1 0 0.556359508 1.3 100 23.08575305 0.0018484 598.3 0 0 0 0 0 0 0 903253 913629 1.014046121 11.553 0.47084375 II 0 1 0
SPBC216.07c 0 2337 1 0 0.56364744 3.5 1860.22 41.17116206 0.0013737 1384 0 0 0 0 0 0 0 915085 922447 NA 39.21 0.55067419 II 1 1 0
SPBC21B10.03c 0 791 1 0 0.984141195 19 10159.98 66.38121755 0.0025806 747.7 0 0 0 0 0 0 0 1666721 1669755 1.021297341 207.9833333 0.375248156 II 0 1 0
SPBC21C3.01c 2 3071 1 0 0.254099204 1.2 148.23 38.60326567 0.0027125 NA 0 0 0 0 0 0 0 3788890 3798775 0.971407729 6.618 0.475797862 II 0 1 0
SPBC21D10.05c 3 601 1 0 0.71912164 4.7 NA 36.18257464 0.0021825 NA 0 0 0 0 0 0 0 2438974 2442631 NA 81.355 0.267491933 II 1 1 0
SPBC21D10.09c 1 1610 1 0 0.722862341 2.9 2774.97 24.38518089 0.0024467 NA 0 0 0 0 0 0 0 2426381 2431722 0.990423522 27.10833333 0.42991544 II 0 1 0
SPBC23E6.01c 0 473 1 0 0.240896506 3.6 3471.14 18.34727832 0.0024639 670 0 0 0 0 0 0 0 3835397 3837278 1.010492054 35.29666667 0.2827616 II 0 1 0
SPBC23G7.04c 0 681 1 0 0.835297696 3.8 2030.04 19.56764251 0.0029968 244.8 0 0 0 0 0 0 0 2101254 2103827 1.040191832 15.92166667 0.362709444 II 0 1 0
SPBC23G7.08c 0 695 1 0 0.831996936 6.1 3718.44 44.04992267 0.0056632 738 0 0 0 0 0 0 0 2110485 2113453 0.772634962 42.53166667 0.351829797 II 0 1 0
SPBC23G7.12c 1 403 1 0 0.828786016 8.2 20563.61 35.47696586 0.0014454 670.9 0 0 0 1 0 1 0 2121444 2122817 1.024617702 161.45 0.786164596 II 1 1 0
SPBC23G7.15c 1 110 1 0 0.82683114 92 56268.32 NA 0.0026304 601.6 0 0 0 0 0 0 0 2127990 2128518 1.082393138 2800.166667 0 II 0 1 0
SPBC24C6.04 1 548 1 0 0.758737962 25 104068.26 74.8548024 0.0013296 1002.5 0 0 0 0 0 0 0 2325032 2327098 1.021736243 609.3833333 0.652180203 II 0 1 0
SPBC24C6.05 1 288 1 0 0.758256872 3.4 20939.47 44.21737518 0.0030308 676.8 0 0 0 0 0 0 0 2327364 2328501 0.740982461 93.58666667 0.539426367 II 0 1 0
SPBC24C6.06 0 407 1 0 0.757094782 0.72 1981.44 18.84396146 0.0025047 NA 0 0 0 0 0 0 0 2329672 2331890 1.06967997 14.54 0.310792965 II 0 1 0
SPBC25B2.01 2 592 1 0 0.666376344 2.4 3867.2 24.42663279 0.0027592 811.2 0 0 0 0 0 0 0 2594358 2596452 1.076840353 44.11166667 0.476908685 II 0 1 0
SPBC25B2.09c 0 618 1 0 0.659920214 9 31017.35 47.26721518 0.0023584 907.8 0 0 0 0 0 0 0 2612912 2615280 NA 204.6666667 0.59467161 II 1 1 0
SPBC25H2.02 1 703 1 0 0.431111635 10 42692.95 64.02556035 0.0035252 912.9 0 0 0 0 0 0 0 3279821 3282554 NA 187.1166667 0.516987318 II 1 1 0
SPBC25H2.05 0 173 1 0 0.433516396 58 135200.56 105.3321941 0.002517 756.3 0 0 0 0 0 0 0 3274928 3275541 1.058177998 1669.666667 0.737863085 II 0 1 0
SPBC26H8.07c 5 448 1 0 0.196744983 25 46553.59 68.77664707 0.0006503 737.9 0 0 0 0 0 0 0 3964092 3966037 NA 673.9333333 0.525864775 II 1 1 0
SPBC27.03 0 622 1 0 0.963260376 0.067 NA NA 0.0023433 NA 0 0 0 0 0 0 0 1563859 1566027 1.015517923 1.3725 0.308492183 II 0 1 0
SPBC27.04 0 1052 1 0 0.964827355 4.3 852.91 33.59167503 0.0023568 50.1 0 0 0 0 0 0 0 1566403 1569561 1.068220381 83.70666667 0.000732347 II 0 1 0
SPBC27.08c 0 490 1 0 0.967919429 78 140361.25 49.33259272 0.0002973 1860.3 0 0 0 0 0 0 0 1571423 1573100 1.031686864 1391.35 0.701155877 II 0 1 0
SPBC27B12.11c 0 738 1 0 0.828522962 3.6 2728.2 22.16050516 0.0041484 3575.1 0 0 0 0 0 0 0 1345112 1347969 0.657340985 35.61833333 0.092734269 II 0 1 0
SPBC28E12.06c 0 2609 1 0 0.920780387 1.9 585.5 31.07275945 0.0018543 NA 0 0 0 0 0 0 0 1846387 1854534 1.02605043 11.27133333 0.507389476 II 0 1 0
SPBC28F2.02 0 292 1 0 0.969697063 7 4155.18 23.31147924 0.0029895 829.2 0 0 0 0 0 0 0 1574309 1575648 1.156752362 133.7333333 0.48219237 II 0 1 0
SPBC28F2.12 6 1752 1 0 0.980051814 11 4744.63 50.32356507 0.0023537 329.2 0 0 0 0 0 0 0 NA NA NA NA 0.659300983 II 1 1 0
SPBC29A10.02 2 567 1 0 0.686332467 0.16 NA 24.77917627 0.0017991 NA 0 0 0 0 0 0 0 2536164 2538254 0.832598778 1.33995 0.543564644 II 0 1 0
SPBC29A10.11c 2 402 1 0 0.676947623 3.4 2855.5 29.66180922 0.001449 585.4 0 0 0 0 0 0 0 2563477 2565623 1.057623801 68.84166667 0.073134045 II 0 1 0
SPBC29A3.09c 0 736 1 0 0.851546721 4.3 9629.24 39.48645074 0.0015846 500.8 0 0 0 0 0 0 0 2054141 2056440 1.038060174 81.61 0.496991696 II 0 1 0
SPBC29A3.12 0 192 1 0 0.850175805 74 3458.03 87.87514282 0.0030256 NA 0 0 0 0 0 0 0 2059741 2060438 1.05740081 2052.833333 1.007409756 II 0 1 0
SPBC29A3.17 1 525 1 0 0.84597836 0.68 304.71 14.44822763 0.0024978 NA 0 0 0 0 0 0 0 2070147 2072679 1.090749293 7.650333333 0.316438219 II 0 1 0
SPBC2A9.03 1 426 1 0 0.54426811 0.63 NA 26.58223064 0.0020513 NA 0 0 0 0 0 0 0 2951071 2952556 1.158088647 13.70333333 0.537751663 II 0 1 0
SPBC2D10.04 0 658 1 0 0.536695153 4 192.06 23.76675951 0.0006646 NA 0 0 0 0 0 0 0 2971099 2974641 1.055785683 55.53333333 0.336976393 II 0 1 0
SPBC2D10.14c 2 1471 1 0 0.529738388 1.1 1223.96 29.79890202 0.0011947 NA 0 0 0 0 0 0 0 2990178 2994929 1.063293469 14.08833333 0.320567454 II 0 1 0
SPBC2F12.03c 0 891 1 0 0.960615822 3 2496.76 17.53548015 0.0019639 NA 0 0 0 0 0 0 0 1734240 1738362 1.188606785 44.38333333 0.144040896 II 0 1 0
SPBC2F12.04 0 187 1 0 0.96209338 63 85500.64 111.575303 0.0007765 2046.2 0 0 0 0 0 0 0 1733330 1734053 0.991242329 1497.333333 0.834532486 II 0 1 0
SPBC2F12.05c 3 1310 1 0 0.962338211 4.3 7699.71 46.03251816 0.0018286 714.6 0 0 0 0 0 0 0 NA NA NA NA 0.413371415 II 0 1 0
SPBC2F12.14c 1 524 1 0 0.970703268 19 68000.58 43.78000639 0.0015868 910.2 0 0 0 0 0 0 0 1706941 1708944 NA 509.95 0.724915893 II 1 1 0
SPBC2G2.02 0 1076 1 0 0.376815744 4 5188.67 32.45960262 0.0008133 442.7 0 0 0 0 0 0 0 3437442 3440897 1.108430427 63.35 0.496797662 II 0 1 0
SPBC2G2.11 3 466 1 0 0.371291617 7.5 14608.32 40.93778971 0.0009385 805.2 0 0 0 0 0 0 0 3455136 3457007 NA 138.6 0.567330367 II 1 1 0
SPBC2G2.12 0 563 1 0 0.370638392 6 21358.45 55.59950127 0.0016251 851.2 0 0 0 0 0 0 0 3457163 3458912 NA 129.6833333 0.724435191 II 1 1 0
SPBC30B4.02c 0 695 1 0 0.801719858 1.9 NA 21.01501306 0.0037773 340 0 0 0 0 0 0 0 1301597 1304152 1.062740606 30.315 0.265293436 II 0 1 0
SPBC30B4.08 3 313 1 0 0.813421694 1.8 NA 27.72926322 0.0018597 NA 0 0 0 0 0 0 0 1320595 1323215 1.036016346 37.13666667 0.506476045 II 0 1 0
SPBC30D10.10c 0 2335 1 0 0.49945376 1.9 423.33 25.25791396 0.0011249 NA 0 0 0 0 0 0 0 3075762 3083248 0.813624885 17.29666667 0.535148805 II 0 1 0
SPBC30D10.18c 1 216 1 0 0.506879955 11 22642.58 53.59751874 0.002691 1121.4 0 0 0 0 0 0 0 3060505 3061591 NA 309.8833333 0.748569948 II 0 1 0
SPBC31E1.05 1 480 1 0 0.152267377 2.5 1174.5 28.49094992 0.002428 NA 0 0 0 1 0 0 0 247207 248977 NA 37.22833333 0.560073171 II 1 1 0
SPBC31F10.04c 2 545 1 0 0.267569707 0.91 2219.19 24.29381604 0.0040106 488.5 0 0 0 0 0 0 0 3757414 3759491 NA 17.72 0.403842683 II 1 1 0
SPBC32C12.03c 0 423 1 0 0.188671391 2.7 613.65 19.78651881 0.0010329 468.1 0 0 0 0 0 0 0 3987522 3989582 1.050958729 45.49166667 0.319811156 II 0 1 0
SPBC32F12.11 0 336 1 0 0.593476044 560 1017700.93 60.84503787 0.0022669 876.1 0 0 0 0 0 0 0 NA NA NA NA 0.634844776 II 0 1 0
SPBC32H8.08c 2 421 1 0 0.902867621 1.8 868.96 25.1088394 0.0024216 NA 0 0 0 0 0 0 0 1465811 1467431 1.064957951 38.73666667 0.380794925 II 0 1 0
SPBC336.01 1 878 1 0 0.618496464 1.2 NA 26.1868865 0.0021591 NA 0 0 0 0 0 0 0 2733136 2736084 0.935705348 20.32166667 0.595669875 II 0 1 0
SPBC336.03 0 987 1 0 0.615946999 3.2 100 23.91648138 0.003694 NA 0 0 0 0 0 0 0 2739656 2743519 0.924961152 24.05166667 0.257877353 II 0 1 0
SPBC336.05c 0 378 1 0 0.61422118 0.28 NA 23.85843387 0.004237 NA 0 0 0 0 0 0 0 2745480 2748552 1.031471472 3.6235 0.541148409 II 0 1 0
SPBC336.08 2 198 1 0 0.610505511 1.3 NA 19.57953456 0.0029344 328.6 0 0 0 0 0 0 0 2755392 2759388 NA 24.02333333 0.420970772 II 1 1 0
SPBC337.04 1 413 1 0 0.638788523 0.79 NA 26.83540629 0.0042315 NA 0 0 0 0 0 0 0 1037077 1038385 1.176875607 24.48666667 0 II 0 1 0
SPBC337.05c 3 546 1 0 0.639641615 8.2 35151.33 56.2882991 0.0021351 843.7 0 0 0 0 0 0 0 1038462 1040613 NA 189.8 0.566843368 II 1 1 0
SPBC342.02 0 811 1 0 0.114512303 5.5 15450.42 28.7937374 0.002517 763.3 0 0 0 0 0 0 0 4203368 4205852 NA 81.30333333 0.641563904 II 1 1 0
SPBC354.10 0 963 1 0 0.351649455 14 32698.41 69.1694005 0.0037872 1125.7 0 0 0 0 0 0 0 570905 574320 1.240203555 222.05 0.599389776 II 0 1 0
SPBC354.12 1 335 1 0 0.356058432 110 4465.64 76.23095841 0.0051625 551.2 0 0 0 0 0 0 0 NA NA NA NA 0.931469793 II 0 1 0
SPBC36.05c 13 405 1 0 0.523154827 3.7 8423.8 43.23390103 0.0021574 606.7 0 0 0 0 0 0 0 849345 851518 NA 129.3166667 0.559935365 II 1 1 0
SPBC36.07 0 1253 1 0 0.525765227 3.4 2412.83 32.03612359 0.0040746 988 0 0 0 0 0 0 0 853583 857560 0.869775851 47.065 0.563584603 II 0 1 0
SPBC36.12c 2 379 1 0 0.532585035 2.7 763.24 27.01580302 0.0065309 1014.4 0 0 0 0 0 0 0 864655 866083 NA 61.13333333 0.360292471 II 1 1 0
SPBC365.03c 0 160 1 0 0.698140588 110 75416.16 131.8876247 0.0027202 1637.3 0 0 0 0 0 0 0 2503183 2503818 0.447918732 2809.666667 0.858377327 II 0 1 0
SPBC365.07c 0 547 1 0 0.696244005 0.78 NA 25.21758429 0.0021312 694.5 0 0 0 0 0 0 0 2507521 2509349 1.062761523 15.64166667 0.326294955 II 0 1 0
SPBC365.11 0 266 1 0 0.693703798 2.4 3196.2 46.56140954 0.0010935 804.4 0 0 0 0 0 0 0 2515189 2516757 0.970640524 60.15833333 0.390642857 II 0 1 0
SPBC3B8.03 0 450 1 0 0.393126148 29 103036.81 72.62733972 0.0022658 836.5 0 0 0 0 0 0 0 3391684 3393331 1.061498477 687.2833333 0.739376589 II 0 1 0
SPBC3B9.13c 2 110 1 0 0.181861044 94 9661.39 174.4341782 0.0013152 770 0 0 0 0 0 0 0 4008717 4009443 0.851849278 3647 0.667167388 II 0 1 0
SPBC3D6.03c 0 678 1 0 0.783351586 1.2 253.4 24.73324742 0.001935 NA 0 0 0 0 0 0 0 1271776 1274127 NA 17.03666667 0.310640187 II 1 1 0
SPBC3D6.15 2 88 1 0 0.784862514 28 29417.5 NA 0.0032806 NA 0 0 0 0 0 0 0 1274229 1274719 NA 1005.816667 0.728132883 II 0 1 0
SPBC3E7.11c 2 355 1 0 0.637115274 1.7 NA 35.25096436 0.0012302 781.8 0 0 0 0 0 0 0 2680226 2681786 1.09507626 45.80666667 0.449771246 II 0 1 0
SPBC3E7.12c 0 456 1 0 0.636389697 6.5 1473.99 22.4404466 0.0022361 53.2 0 0 0 0 0 0 0 2682000 2683902 1.039602069 130.3 0.294839919 II 0 1 0
SPBC3H7.02 0 877 1 0 0.909325453 9.3 796.43 17.00848441 0.0026603 NA 0 0 0 0 0 0 0 1884123 1887940 NA 61.365 0.483943193 II 0 1 0
SPBC3H7.13 0 301 1 0 0.918449349 2.4 NA 21.37648317 0.0004834 NA 0 0 0 0 0 0 0 1859004 1861332 1.106821858 39.695 0.16727852 II 0 1 0
SPBC3H7.14 0 406 1 0 0.919232877 1.1 NA 25.9171132 0.0039456 NA 0 0 0 0 0 0 0 1857186 1859047 1.079734711 20.74833333 0.092118377 II 0 1 0
SPBC4.03c 0 891 1 0 0.731531636 3.4 6091.78 26.79652994 0.0013093 913.4 0 0 0 0 0 0 0 1187646 1190936 NA 43.53666667 0.500576724 II 1 1 0
SPBC4.04c 1 830 1 0 0.733725653 3.1 2207.46 21.89623349 0.0028108 905.7 0 0 0 0 0 0 0 1191208 1194204 NA 38.23166667 0.557886553 II 1 1 0
SPBC405.01 1 788 1 0 0.478860528 12 37417.71 57.7068962 0.0027754 862.6 0 0 0 0 0 0 0 3140566 3143304 NA 238.0833333 0.618776042 II 0 1 0
SPBC405.05 0 143 1 0 0.476682424 1.1 NA 27.2047806 0.0010138 780.3 0 0 0 0 0 0 0 3148510 3149656 1.068485121 27.06166667 0.128926946 II 0 1 0
SPBC405.07 1 99 1 0 0.475178805 57 63181.48 137.8489245 0 NA 0 0 0 0 0 0 0 3153441 3154041 0.574374261 1767.5 0.674465074 II 0 1 0
SPBC409.07c 0 605 1 0 0.704482152 7.1 4753.27 29.55583363 0.0016863 460.5 0 0 0 0 0 0 0 1143731 1146633 1.01820975 27.06666667 0.469415646 II 0 1 0
SPBC428.05c 0 410 1 0 0.276832978 24 71487.27 69.12626693 0.0014208 899.6 0 0 0 0 0 0 0 449440 451091 0.854990749 453.8833333 0.852733175 II 0 1 0
SPBC4B4.04 1 576 1 0 0.383573627 6.1 18048.66 44.38600098 0.0017711 982.4 0 0 0 0 0 0 0 3418840 3421189 0.935278446 111.4966667 0.541362128 II 0 1 0
SPBC4C3.05c 0 1689 1 0 0.482325537 11 8500.02 44.0191635 0.0032825 490.3 0 0 0 0 0 0 0 3127776 3133199 NA 114.075 0.646056893 II 1 1 0
SPBC4F6.12 1 438 1 0 0.625998098 2.6 NA 29.61713778 0.0036579 NA 0 0 0 0 0 0 0 2712155 2714207 1.012028868 32.55333333 0.311099509 II 0 1 0
SPBC530.14c 0 544 1 0 0.508039391 2.1 1590.17 20.2213996 0.001875 635.2 0 0 0 0 0 1 0 824805 827995 1.028194642 34.49333333 0.427792874 II 0 1 0
SPBC543.02c 0 476 1 0 0.081290046 10 12360.78 39.09857909 0.0027544 777.7 0 0 0 0 0 0 0 4300746 4302738 1.064590582 148.3 0.550334925 II 0 1 0
SPBC543.04 2 585 1 0 0.079510736 1.9 NA 29.24828586 0.001993 NA 0 0 0 0 0 0 0 4305178 4307927 NA 37.01833333 0.457273003 II 1 1 0
SPBC557.04 3 872 1 0 0.701089532 5.7 3796.45 46.6556112 0.0026756 661.4 0 0 0 0 0 0 0 2491803 2495218 1.093183155 93.81333333 0.243218342 II 0 1 0
SPBC56F2.02 0 193 1 0 0.142646602 57 61480.93 123.7224344 0.0022575 NA 0 0 0 0 0 0 0 4123056 4123804 NA 1926.166667 0.897802557 II 0 1 0
SPBC56F2.07c 0 809 1 0 0.149703494 2.1 2532.62 31.00462681 0.0019825 852.1 0 0 0 0 0 0 0 4100540 4103224 NA 40.33666667 0.58282065 II 1 1 0
SPBC56F2.11 1 501 1 0 0.153808699 16 14402.48 22.4371185 0.0020855 405.4 0 0 0 0 0 0 0 4088686 4091252 0.962087884 239.0333333 0.549513542 II 0 1 0
SPBC577.02 2 74 1 0 0.464809493 29 18525.35 173.7453571 0 1059.2 0 0 0 0 0 0 0 754621 755300 0.752638836 1135.6 0.593973995 II 0 1 0
SPBC577.06c 4 1877 1 0 0.467088511 2.9 2175.74 40.01792699 0.0024098 731.4 0 0 0 0 0 0 0 758321 764577 1.05616976 33.44666667 0.542768982 II 1 1 0
SPBC577.09 5 404 1 0 0.472776818 1.1 NA 22.99705151 0.0032441 NA 0 0 0 0 0 0 0 767556 769555 NA 22.63833333 0.520673926 II 1 1 0
SPBC582.10c 1 830 1 0 0.268610033 0.73 NA 22.29984165 0.0052702 NA 0 0 0 0 0 0 0 436090 439017 1.079213579 11.62666667 0.447790878 II 0 1 0
SPBC609.01 1 1157 1 0 0.472581334 0.83 918.08 20.62781558 0.0025213 NA 0 0 0 0 0 0 0 3155857 3161616 NA 1.063116667 0.356522949 II 1 1 0
SPBC609.02 0 348 1 0 0.472126991 0.27 NA 28.96338289 0.0020915 NA 0 1 0 0 0 0 0 3161728 3162941 1.238789945 5.789166667 0.333339266 II 0 1 0
SPBC609.03 4 809 1 0 0.471111663 0.93 NA 17.73263916 0.0018023 NA 0 0 0 0 0 0 0 3163119 3165902 0.995947411 18.98166667 0.525629014 II 0 1 0
SPBC646.09c 1 501 1 0 0.57814446 18 32269.11 62.17523998 0.0017448 785.4 0 0 0 0 0 0 0 938621 940366 0.889704497 434.6333333 0.714184179 II 0 1 0
SPBC646.17c 2 544 1 0 0.590493044 0.12 NA 19.39285554 0.0029501 NA 0 0 0 0 0 0 0 958669 960467 NA 1.65885 0.284015815 II 0 1 0
SPBC660.07 0 735 1 0 0.127243139 4.4 5621.36 21.96390334 0.0027769 609.2 0 0 0 0 0 0 0 206580 209641 1.055402036 70.82166667 0.732826643 II 0 1 0
SPBC660.11 2 349 1 0 0.132507672 12 11661.59 29.08495773 0.0025098 795.2 0 0 0 0 0 0 0 215127 216901 1.180765594 283.8833333 0.606343938 II 0 1 0
SPBC660.16 4 492 1 0 0.1418344 42 267280.04 66.90263288 0.0029612 937.1 0 0 0 0 0 0 0 230269 233218 NA 861.2666667 0.821444248 II 1 1 0
SPBC713.09 1 395 1 0 0.545054961 3.9 2622.95 24.73692858 0.0041246 775.7 0 0 0 0 0 0 0 884900 886313 1.043100652 102.505 0.350633385 II 0 1 0
SPBC725.04 1 568 1 0 0.744472149 3.8 7416.76 40.50987276 0.0020525 680 0 0 0 0 0 0 0 1208655 1210856 0.985781974 46.60666667 0.466406449 II 0 1 0
SPBC725.06c 0 1032 1 0 0.74695751 0.089 NA NA 0.003533 NA 0 0 0 0 0 0 0 1212690 1216671 1.01216959 0.928366667 0.235432836 II 0 1 0
SPBC725.07 0 598 1 0 0.749422546 1.2 1473.05 17.97859235 0.0053617 180.1 0 0 0 0 0 0 0 1216692 1219244 1.034317694 19.54166667 0.175469996 II 0 1 0
SPBC776.01 1 61 1 0 0.468781997 61 2507.69 116.9760574 0 1702 0 0 0 0 1 0 0 3172323 3172696 1.043518286 2479.666667 0.781235294 II 0 1 0
SPBC800.04c 1 94 1 0 0.159842957 150 15183.86 153.695775 0 NA 0 0 0 0 0 0 0 259506 260025 0.881376933 5900.666667 0.83894709 II 0 1 0
SPBC83.02c 1 94 1 0 0.932136992 61 20203.72 137.311258 0 NA 0 0 0 0 0 0 0 1513330 1513749 1.062753237 2405.833333 0.810099738 II 0 1 0
SPBC839.05c 1 131 1 0 0.371731303 46 29373.43 115.342851 0.001106 925.3 0 0 0 0 0 0 0 603508 604436 0.941539007 1492.166667 0.786363782 II 0 1 0
SPBC839.13c 1 197 1 0 0.38393637 36 1479.69 102.5127777 0.0007373 NA 0 0 0 0 0 0 0 623323 624091 0.893826824 965.9833333 0.834370423 II 0 1 0
SPBC839.16 2 937 1 0 0.386776519 13 34032.78 83.1675633 0.0024902 1150.7 0 0 0 0 0 0 0 627934 631710 NA 257.5333333 0.639387833 II 0 1 0
SPBC8D2.06 0 1064 1 0 0.843245421 15 32017.67 62.16417086 0.0013708 964.2 0 0 0 0 0 0 0 1369014 1372569 NA 236.1333333 0.580700686 II 1 1 0
SPBC8D2.10c 2 543 1 0 0.847480083 6.7 7626.9 46.96858473 0.0013418 810.7 0 0 0 0 0 0 0 1375889 1379351 1.130662483 144.0433333 0.320267687 II 0 1 0
SPBC8D2.18c 0 433 1 0 0.85705812 60 278679.11 88.60912668 0.0016819 859.1 0 0 0 0 0 0 0 1391439 1393012 1.038695611 1362.083333 0.844292127 II 0 1 0
SPBC8D2.20c 0 1224 1 0 0.858232122 14 29527.36 53.9242013 0.0025026 778.2 0 0 0 0 0 0 0 1393345 1399676 NA 155.05 0.455923443 II 1 1 0
SPBC902.06 1 397 1 0 0.304644393 3.7 NA 27.41008722 0.0040348 NA 0 0 0 0 0 0 0 494592 496423 1.03405416 59.37333333 0.608573477 II 0 1 0
SPBP18G5.03 1 430 1 0 0.731911485 3.1 567.34 40.3880916 0.0020323 476.9 0 0 0 0 0 0 0 2403509 2405332 1.04884755 60.34666667 0.229441761 II 0 1 0
SPBP22H7.08 1 147 1 0 0.891867354 64 596956.94 112.5560981 0.0009864 808.5 0 0 0 0 0 0 0 1447952 1448544 0.568792744 1630.666667 0.908426025 II 0 1 0
SPBP35G2.06c 4 1142 1 0 0.599333787 0.77 233.66 22.53093016 0.0015462 NA 0 0 0 1 0 0 0 973022 976901 1.040080285 13.24 0.100130943 II 0 1 0
SPBP35G2.14 0 1065 1 0 0.611441535 6.6 8369.53 30.4120496 0.0012383 1116 0 0 0 0 0 0 0 992679 996435 NA 91.67333333 0.410166873 II 0 1 0
SPBP4H10.04 2 554 1 0 0.570481823 2.4 3351.59 25.68251337 0.0010521 624.3 0 0 0 0 0 0 0 2873842 2876109 1.037367742 62.59 0.400203519 II 0 1 0
SPBP4H10.14c 0 308 1 0 0.562402745 2.2 NA 27.79682757 0.0028347 NA 0 0 0 0 0 0 0 2897776 2899670 1.064676577 42.96166667 0.100730797 II 0 1 0
SPBP8B7.02 0 261 1 0 0.309793101 0.75 7751.69 32.37201322 0.002786 430.6 0 0 0 0 0 0 0 3635229 3636355 1.06109408 16.94 0 II 0 1 0
SPBP8B7.03c 0 363 1 0 0.309322984 71 92586.01 89.86910041 0.0004011 2342.3 0 0 0 0 0 0 0 NA NA NA NA 0.905075731 II 1 1 0
SPBP8B7.06 1 110 1 0 0.307290613 95 147874.99 143.0123424 0.0013152 729 0 0 0 0 0 0 0 3643177 3643653 1.081412623 3144.5 0 II 0 1 0
SPBP8B7.11 2 434 1 0 0.303655868 6.2 23380.96 46.46819372 0.0026848 805.9 0 0 0 0 0 0 0 3652214 3654253 0.964246932 144 0.500928686 II 0 1 0
SPBP8B7.18c 0 551 1 0 0.298208551 18 43239.28 34.27291759 0.0005289 707.7 0 0 0 0 0 0 0 3667950 3670139 1.084506635 144.01 0.426835154 II 0 1 0
SPBP8B7.23 0 673 1 0 0.293314332 3.1 2017.76 27.15042955 0.0025991 NA 0 0 0 0 0 0 0 3681874 3684412 1.130634328 45.30333333 0.478355269 II 0 1 0
SPBPB2B2.13 0 519 1 0 0.01698489 0.97 2804.87 50.52312401 NA 522 0 0 0 0 0 0 0 4488322 4490271 1.049299076 25.245 0.539684724 II 0 1 0
SPBPB7E8.02 0 749 1 0 0.35581206 10 3252.22 25.92305799 0.0054501 605.1 0 0 0 0 0 0 0 3498388 3502150 1.017139642 18.04166667 0.199493676 II 0 1 0
SPBPB8B6.03 0 547 1 0 0.028984186 0.011 NA NA NA NA 0 0 0 0 0 0 0 47056 49071 NA 0.2452 0.591572222 II 0 1 0
SPCC1020.09 0 399 1 0 0.693811518 0.93 360.11 33.78522643 0.0058394 NA 0 0 0 0 0 0 0 765936 767541 1.02151297 12.55583333 0.437320755 III 0 1 0
SPCC1020.10 0 650 1 0 0.686956159 5.1 1400.04 29.70100175 0.0029167 425.3 0 0 0 0 0 0 0 758368 762656 1.049412892 20.51166667 0.519910755 III 0 1 0
SPCC1183.02 1 220 1 0 0.538938217 6.6 42479.74 79.02379527 0.0033279 920.3 0 0 0 0 0 0 0 594963 596054 1.017557707 180.7166667 0.468575 III 0 1 0
SPCC1183.08c 0 216 1 0 0.55418704 90 200647.84 114.8301356 0.0020182 1795.2 0 0 0 0 0 0 0 611797 612630 NA 2484 0.883674541 III 1 1 0
SPCC11E10.03 0 351 1 0 0.737642975 0.27 NA 24.99358992 0.0029031 NA 0 0 0 0 0 0 0 1456203 1457855 1.068752141 2.097833333 0.049719368 III 0 1 0
SPCC1223.01 2 732 1 0 0.456227867 2.9 3475.8 19.84157916 0.0029874 NA 0 0 0 0 0 0 0 1834599 1837464 0.999615183 55.23333333 0.470471812 III 0 1 0
SPCC1223.05c 1 91 1 0 0.448459482 37 69274.58 NA 0.0015868 NA 0 0 0 0 0 0 0 1847423 1847943 0.745556281 1299.5 0.671016701 III 0 1 0
SPCC1223.07c 1 580 1 0 0.443545213 20 32986.88 54.45165048 0.0020101 1062.2 0 0 0 0 0 0 0 1852631 1854572 NA 289.9 0.721180614 III 0 1 0
SPCC1223.08c 1 461 1 0 0.441660013 22 54810.69 64.35996846 0.0028439 1220.6 0 0 0 0 0 0 0 1855307 1857115 NA 296.45 0.572573761 III 1 1 0
SPCC1235.01 0 658 1 0 0.157703129 12 5098.09 25.78861867 0.0071063 613.4 0 0 0 0 0 0 0 NA NA NA NA 0.620227078 III 0 1 0
SPCC132.01c 1 1021 1 0 0.833583532 2.8 4790.72 34.60017715 0.0029997 818.2 0 0 0 0 0 0 0 1325057 1328438 1.106667484 42.62666667 0.556368715 III 0 1 0
SPCC132.02 2 332 1 0 0.831839926 1.3 646.66 20.054706 0.0013152 1226.1 0 0 0 0 0 0 0 1328990 1330790 1.079765585 27.54333333 0.382361661 III 0 1 0
SPCC132.04c 0 1106 1 0 0.827831561 2.5 3785.18 53.2149588 0.0015825 470.1 0 0 0 0 0 0 0 1332569 1336197 0.807271292 20.19833333 0 III 0 1 0
SPCC1322.09 2 455 1 0 0.848811168 5 10012.76 35.0918469 0.0054424 685.3 0 0 0 0 0 0 0 1306146 1307897 1.099762033 102.5633333 0.420744431 III 0 1 0
SPCC1322.13 0 552 1 0 0.841295576 9.8 59244.46 55.17148987 0.0039598 1134 0 0 0 0 0 0 0 1316291 1318035 NA 161.4166667 0.668131458 III 0 1 0
SPCC1322.15 0 111 1 0 0.838195339 12 NA 60.56971085 0.0039103 NA 0 0 0 0 1 0 0 1321392 1322217 1.096855028 322.35 0.456771283 III 0 1 0
SPCC1442.01 0 911 1 0 0.507003704 0.25 NA 29.13163205 0.002581 NA 0 0 0 0 0 0 0 1765913 1768971 1.069474908 3.905333333 0.122923234 III 0 1 0
SPCC1442.12 3 240 1 0 0.490480225 3.6 1114.59 57.05418352 0.0017448 2565 0 0 0 0 0 0 0 1789259 1791260 NA 63.99833333 0.309459475 III 1 1 0
SPCC1450.04 1 214 1 0 0.533042139 66 119081.14 102.2109574 0.001358 675.4 0 0 0 0 0 0 0 1732730 1733847 NA 2323.166667 0.625153368 III 1 1 0
SPCC1450.11c 0 1338 1 0 0.518874603 2.7 175.89 20.09014274 0.0024004 698.7 0 0 0 0 0 0 0 1748262 1752958 1.071906132 20.26166667 0.293221301 III 0 1 0
SPCC1494.04c 1 431 1 0 0.092055994 1.8 2926.77 30.79745993 0.0006759 713.2 0 0 0 0 0 0 0 2327041 2328706 NA 36.18666667 0.610769674 III 0 1 0
SPCC1494.10 0 964 1 0 0.07730948 3.6 2038.21 32.73979034 0.0036307 414.3 0 0 0 0 0 0 0 2344694 2348598 1.063232968 34.945 0.120584238 III 0 1 0
SPCC162.03 0 292 1 0 0.644017587 4.4 26185 47.02707665 0.0009965 916.4 0 0 0 0 0 0 0 1582584 1584149 1.034799544 37.55816667 0.481294821 III 0 1 0
SPCC162.12 1 451 1 0 0.665863066 2.3 1265.92 29.8894469 0.0019379 897.8 0 0 0 0 0 0 0 1552594 1554681 0.839953741 43.41666667 0.161039566 III 0 1 0
SPCC1620.06c 2 321 1 0 0.220709911 11 15354.65 57.08395009 0.0018135 979.8 0 0 0 0 0 0 0 2152833 2155161 NA 294.4666667 0.449942631 III 1 1 0
SPCC1620.11 1 851 1 0 0.210546293 3.1 3406.23 22.51672271 0.0041123 1100.1 0 0 0 1 0 0 0 2165020 2168871 NA 55.50166667 0.49908784 III 1 1 0
SPCC1672.03c 0 527 1 0 0.512419902 6 18686.96 33.88167222 0.0022119 546.2 0 0 0 0 0 0 0 565688 568197 1.036433857 86.91333333 0.595677903 III 0 1 0
SPCC1672.05c 0 401 1 0 0.516214444 14 53600.96 58.15997198 0.0014526 894 0 0 0 0 0 0 0 569877 571477 NA 333.8 0.728018998 III 1 1 0
SPCC1682.05c 4 597 1 0 0.342495249 2.9 8033.87 34.96496867 0.001953 1618.5 0 0 0 0 0 0 0 378099 381034 NA 69.83333333 0.635366864 III 1 1 0
SPCC1682.14 0 193 1 0 0.362987045 88 10422.82 105.0666972 0.0007525 NA 0 0 0 0 0 0 0 400721 401447 0.943665281 2411.333333 0.935323752 III 0 1 0
SPCC16C4.09 0 1066 1 0 0.615296471 6 4780.84 22.96114369 0.0035573 522.4 0 0 0 0 0 0 0 679259 684083 1.06944052 26.71166667 0.58781439 III 0 1 0
SPCC16C4.13c 0 165 1 0 0.626012497 79 248939 NA 0 NA 0 0 0 0 1 0 0 NA NA NA NA 0.666493472 III 0 1 0
SPCC1739.01 1 547 1 0 0.314187774 7.4 2605.91 27.60412678 0.0031968 420.2 0 0 0 0 0 0 0 2024482 2029066 1.154464673 73.27833333 0.231174387 III 0 1 0
SPCC1795.11 0 636 1 0 0.882282233 52 68661.54 27.64217888 0.0022918 1239.9 0 0 0 0 0 0 0 973999 976926 NA 1170.15 0.796667447 III 1 1 0
SPCC18.03 0 1077 1 0 0.365863585 2.9 686.43 21.63319961 0.0024376 539 1 0 0 0 0 0 0 1955678 1959359 1.195506571 37.91166667 0.470082969 III 0 1 0
SPCC18.14c 1 312 1 0 0.348333382 120 187547.45 90.29651359 0.0037313 746.3 0 0 0 0 0 0 0 1980536 1983006 NA 3183.833333 0.432185071 III 1 1 0
SPCC18.18c 1 520 1 0 0.342366426 11 13975.31 60.82604367 0.001401 788.6 0 0 0 0 0 0 0 1988324 1991055 NA 217.9333333 0.419446178 III 0 1 0
SPCC1827.03c 1 512 1 0 0.053637367 26 39373.5 46.80058318 0.001992 1580.4 0 0 0 0 0 0 0 2378252 2380530 NA 519.6166667 0.471171611 III 0 1 0
SPCC1827.04 1 600 1 0 0.050540836 1.8 3041.38 27.54557893 0.0034007 612.5 0 0 0 0 0 0 0 2382309 2384707 0.977748353 29.73 0.458482957 III 0 1 0
SPCC1827.08c 0 361 1 0 0.058847426 0.92 NA 22.84674066 0.0004033 249.4 0 0 0 0 0 0 0 2371514 2373502 1.00009937 15.28333333 0.31993518 III 0 1 0
SPCC188.02 5 548 1 0 0.722632548 4.2 2920.53 33.1969437 0.0015955 796.3 0 0 0 0 0 0 0 1475494 1478103 0.830126771 96.34333333 0.471154845 III 0 1 0
SPCC188.06c 1 522 1 0 0.717321668 4.8 10585.21 44.21239774 0.0027913 690.3 0 0 0 0 0 0 0 1482990 1485267 NA 94.64333333 0.592695221 III 1 1 1
SPCC188.12 1 380 1 0 0.701320826 0.12 NA NA 0.0019158 NA 0 0 0 0 0 0 0 1504862 1506851 1.10888235 1.185333333 0.452220118 III 0 1 0
SPCC188.13c 0 1374 1 0 0.698560858 1.2 NA 15.78093718 0.0045709 591.1 0 0 0 0 0 0 0 1504949 1510574 NA 14.22833333 0.433522418 III 0 1 0
SPCC18B5.08c 0 973 1 0 0.664281302 1.5 807.49 30.05088679 0.0020984 740 0 0 0 0 0 0 0 733336 737017 NA 24.34666667 0.526146151 III 1 1 0
SPCC1902.01 0 855 1 0 0.580530925 9.8 1914.79 22.00260908 0.0027287 365.1 0 0 0 0 0 0 0 1665533 1669788 0.99100175 51.73666667 0.297153698 III 0 1 0
SPCC1906.01 1 363 1 0 0.325356635 40 75231.81 44.11305194 0.0012032 440.2 0 0 0 0 0 0 0 2012545 2014000 NA 957.0666667 0.68309691 III 1 1 0
SPCC1919.03c 4 298 1 0 0.180781198 2.4 20094.05 44.80610844 0.001953 615.1 0 0 0 0 0 0 0 2207485 2209022 0.808829802 69.855 0.489938259 III 0 1 0
SPCC1919.05 0 1389 1 0 0.173674819 1.4 3155.52 21.68292161 0.003991 584.8 0 0 0 0 0 0 0 2212710 2218608 1.007215707 12.23716667 0.358990374 III 0 1 0
SPCC1919.12c 0 843 1 0 0.160691927 1.2 756.17 17.14581274 0.0024216 NA 0 0 0 0 0 0 0 2231453 2236121 1.094107726 11.9375 0.453311549 III 0 1 0
SPCC23B6.03c 0 2812 1 0 0.871315688 0.6 NA 21.77039361 0.0031346 NA 0 0 0 0 0 0 0 1268573 1277540 1.107481689 5.7915 0.295166795 III 0 1 0
SPCC24B10.09 1 132 1 0 0.831433194 95 69860.61 136.9463555 0.0032929 983.9 0 0 0 0 0 0 0 917864 918404 0.902735559 3646 0.858238806 III 0 1 0
SPCC285.14 4 1150 1 0 0.462420187 0.86 929.01 28.58446378 0.0027911 845.6 0 0 0 0 0 0 0 1823311 1829111 NA 11.57716667 0.412894107 III 0 1 0
SPCC285.15c 1 68 1 0 0.463624105 48 NA 131.557587 0 NA 0 0 0 0 0 0 0 1826905 1827487 0.893941517 1999.333333 0.675180039 III 0 1 0
SPCC285.16c 1 1254 1 0 0.460489766 2.4 697.11 26.014962 0.0016285 1231.6 0 0 1 0 0 0 0 1827452 1831715 1.044571059 33.77666667 0.556302178 III 0 1 0
SPCC297.03 0 652 1 0 0.422982233 5.4 830.64 15.92353125 0.0024592 227.2 0 0 0 0 0 0 0 1878434 1882310 0.545436324 56.96333333 0.39566125 III 1 1 0
SPCC297.04c 1 147 1 0 0.423007438 1.4 NA 35.16175291 0.0009864 402 0 0 0 0 0 0 0 1880992 1882276 1.078387346 27.67 0.196835034 III 0 1 0
SPCC306.03c 0 742 1 0 0.370807117 2 3502.84 16.1621572 0.0019648 978.4 0 0 0 0 0 0 0 409354 412109 NA 27.475 0.606475025 III 1 1 0
SPCC31H12.04c 1 165 1 0 0.568014609 68 NA 86.13994717 0.0018716 NA 0 0 0 0 0 0 0 NA NA NA NA 0.912686427 III 0 1 0
SPCC330.14c 0 149 1 0 0.124978034 84 NA 131.7640918 0.0009732 NA 0 0 0 0 0 0 0 137970 138594 1.022378607 2766 0.90098125 III 0 1 0
SPCC364.03 0 187 1 0 0.436515471 48 26054.6 92.67755569 0 2207.7 0 0 0 0 0 0 0 481893 482861 0.616202143 1275.333333 0.877232812 III 0 1 0
SPCC364.06 0 393 1 0 0.429001571 16 47953.91 43.14418096 0.0022231 1038 0 0 0 0 0 0 0 473598 475760 1.008451997 368.8666667 0.577461191 III 1 1 0
SPCC364.07 0 466 1 0 0.425808503 49 115364.06 42.82021331 0.001563 1113.4 0 0 0 0 0 0 0 470073 472362 1.135866085 466.4 0.76896888 III 0 1 0
SPCC417.08 0 1047 1 0 0.56632484 160 242286.62 92.86465773 0.0018109 1088.9 0 0 0 0 0 0 0 1685599 1688951 NA 2831 0.291302363 III 1 1 0
SPCC4B3.10c 1 640 1 0 0.958159399 5.1 1040.07 22.91269782 0.0011417 NA 0 0 0 0 0 0 0 1158148 1160394 0.628661711 62.22666667 0.511916808 III 0 1 0
SPCC4G3.08 0 436 1 0 0.414608761 3 916.35 33.74399709 0.0013363 451.3 0 0 0 0 0 0 0 457709 459466 1.151425267 63.57 0.664029276 III 0 1 0
SPCC4G3.09c 0 635 1 0 0.412216451 3.4 NA 20.39930853 0.0022954 198.6 0 0 0 0 0 0 0 455068 457759 1.148295809 48.27666667 0.669740249 III 0 1 0
SPCC550.03c 0 1213 1 0 0.935176722 2.1 1068.48 28.00629683 0.0022854 695 0 0 0 0 0 0 0 1187669 1191396 0.848364822 26.91833333 0.490748625 III 0 1 0
SPCC550.14 0 1291 1 0 0.912897565 15 28265.86 57.32590509 0.0018248 846.9 0 0 0 0 0 0 0 1216836 1221449 1.053802881 177.85 0.513881224 III 0 1 0
SPCC550.15c 0 463 1 0 0.91161729 4.4 10135.66 29.25784206 0.0031462 690.3 0 0 0 0 0 0 0 1221239 1223176 0.945737484 92.69666667 0.438979873 III 0 1 0
SPCC553.02 5 700 1 0 0.276839434 4 5317.35 41.87437115 0.002499 671.4 0 0 0 0 0 0 0 305618 308800 NA 79.05 0.675919842 III 1 1 0
SPCC553.03 1 937 1 0 0.273846555 2 163.09 24.24549136 0.0048315 659.4 0 0 0 0 0 0 0 302314 305477 1.026873664 36.08666667 0.606787115 III 0 1 0
SPCC553.08c 2 1000 1 0 0.262438471 3 2882.1 31.20212565 0.0026251 708.9 0 0 0 0 0 0 0 289720 293230 NA 51.815 0.556847119 III 0 1 0
SPCC569.03 1 375 1 0 0.015796235 0.7 NA 39.9850114 0 121.6 0 0 0 0 0 0 0 NA NA NA NA 0 III 0 1 0
SPCC576.08c 0 253 1 0 0.264554324 180 184700.13 77.65745105 0.0051727 NA 0 0 0 0 0 0 0 2095135 2096018 NA 3941.833333 0.951659674 III 1 1 0
SPCC576.09 0 118 1 0 0.263813737 180 100375.22 144.6974587 0 790.4 0 0 0 0 0 0 0 2096504 2097017 NA 5238.833333 0.99629385 III 1 1 0
SPCC576.10c 0 389 1 0 0.262423004 8.1 16516.28 32.38009751 0.0037432 582.4 0 0 0 0 0 0 0 2097289 2098893 NA 179.4833333 0.676410506 III 1 1 0
SPCC584.01c 0 1006 1 0 0.684240609 16 50455.51 49.75048663 0.0027544 673.3 0 0 0 0 0 0 0 1526472 1529891 0.978712415 108.93 0.477338103 III 0 1 0
SPCC584.04 1 662 1 0 0.678221018 15 27912.78 58.99002151 0.0024221 1237.4 0 0 0 0 0 0 0 1535396 1538011 NA 296.1166667 0.442654723 III 1 1 0
SPCC584.15c 2 594 1 0 0.689105209 2.5 1655.93 27.77293336 0.0014721 NA 0 0 0 0 0 0 0 1520356 1523329 1.073797498 47.02833333 0.34169878 III 0 1 0
SPCC5E4.04 3 1828 1 0 0.58276613 1.2 381 24.0489749 0.0029532 NA 0 0 0 0 0 0 0 643347 649578 NA 10.33316667 0.51672697 III 1 1 0
SPCC61.03 0 327 1 0 0.746518905 3.1 2078.14 25.86933467 0.0013352 678 0 0 0 0 0 0 0 1444534 1445882 1.070469268 54.81 0.535577019 III 0 1 0
SPCC613.05c 1 122 1 0 0.080461686 98 122472.19 123.5099478 0 1199.9 0 0 0 0 1 0 0 88826 89634 NA 3493.166667 0.936582251 III 1 1 0
SPCC622.12c 0 451 1 0 0.764807488 35 133217.25 52.59800954 0.0019379 1021.9 0 0 0 0 0 0 0 1419131 1421212 1.068203245 566.7833333 0.530304497 III 0 1 0
SPCC63.14 0 1184 1 0 0.781191064 6.5 8447.85 25.25138164 0.0041886 592.3 0 0 0 0 0 0 0 862399 866807 1.157403177 100.5966667 0.615911688 III 0 1 0
SPCC645.06c 0 1275 1 0 0.896102019 3.9 211.75 25.44894769 0.0012585 NA 0 0 0 0 0 0 0 1238721 1244105 NA 19.65 0.418312325 III 1 1 0
SPCC645.08c 0 878 1 0 0.890045362 10 17896.33 57.04039123 0.0021591 987.2 0 0 0 0 0 0 0 1249494 1252275 1.106434041 171.9333333 0.57447698 III 0 1 0
SPCC645.10 1 484 1 0 0.886122991 2.5 7970.4 33.51980472 0.00301 585.2 0 0 0 0 0 0 0 1255164 1257566 NA 45.05833333 0.450126823 III 1 1 0
SPCC663.15c 1 678 1 0 0.585887767 6 2979.83 30.33768833 0.001553 822.2 0 0 0 0 0 0 0 1660135 1662562 1.02904394 93.00833333 0.369234357 III 0 1 0
SPCC70.05c 0 781 1 0 0.066165825 7.7 4139.66 37.10688641 0.0020623 NA 0 0 0 0 0 0 0 2358510 2363630 NA 81.94 0.193851192 III 1 1 0
SPCC736.07c 1 699 1 0 0.294243238 1.5 620.51 25.01780646 0.0037539 393.2 0 0 0 0 0 0 0 324831 327376 0.412405727 26.595 0.535253343 III 0 1 0
SPCC736.11 1 834 1 0 0.302642139 0.88 NA 22.01400006 0.002098 NA 0 0 0 0 0 0 0 334103 337070 0.64165864 16.16166667 0.601250985 III 0 1 0
SPCC737.06c 3 287 1 0 0.411677709 3.4 14328.5 34.75904748 0.0025345 716.5 0 0 0 0 0 0 0 1895954 1897559 1.056264657 92.08166667 0.372704235 III 0 1 0
SPCC74.01 4 639 1 0 0.390984255 2.5 11305.38 33.77521256 0.0025091 762.2 0 0 0 0 0 0 0 1923102 1925473 NA 57.49833333 0.617575658 III 1 1 0
SPCC74.05 1 136 1 0 0.380283914 61 126681.13 96.13551426 0.0010656 3687.6 0 0 0 0 0 0 0 1939218 1939907 0.726276629 2056.333333 0.760906667 III 0 1 0
SPCC74.06 0 2344 1 0 0.37448005 2.8 694.17 28.83898232 0.0021789 669.6 0 0 0 0 0 0 0 1940336 1947736 0.929871617 22.34 0.408912169 III 0 1 0
SPCC74.09 0 654 1 0 0.393015496 0.23 NA NA 0.0035661 NA 0 0 0 0 0 0 0 1917714 1922733 0.900820094 1.04535 0.112303638 III 0 1 0
SPCC757.04 2 636 1 0 0.045556246 1.8 103.91 24.96853764 0.0031968 NA 0 0 0 0 0 0 0 50292 52850 1.054276512 38.07 0.17 III 0 1 0
SPCC757.09c 0 398 1 0 0.058063108 28 26554.51 32.91779802 0.002927 766.8 0 0 0 0 0 0 0 64099 66972 0.833951976 178.2833333 0.775693388 III 0 1 0
SPCC777.13 5 836 1 0 0.615654345 1.9 2350.77 21.98537992 0.0007429 889.7 0 0 0 0 0 0 0 1619331 1622409 0.849771036 39.73666667 0.550303928 III 0 1 0
SPCC790.02 3 900 1 0 0.153629287 2.1 2385.81 20.63060072 0.0022684 398.1 0 0 0 0 0 0 0 2242247 2245648 NA 37.36166667 0.497045174 III 1 1 0
SPCC794.01c 1 475 1 0 0.216913929 0.58 322.65 43.00208189 0.0036803 322.4 0 0 0 0 0 0 0 239463 241999 1.066454035 4.553333333 0.463730263 III 0 1 0
SPCC794.09c 0 460 1 0 0.242722976 210 8166.07 79.92645528 0.0018689 NA 0 0 0 0 0 0 0 NA NA NA NA 0.623264516 III 0 1 0
SPCC794.12c 0 565 1 0 0.249341005 20 81342.84 47.69842605 0.0028372 688.9 0 0 0 0 0 0 0 275261 277340 NA 807.8333333 0.680172459 III 0 1 0
SPCC825.01 0 822 1 0 0.926197106 7.7 8984.45 39.59348705 0.0012417 1057 0 0 0 0 0 0 0 1022479 1025391 0.659574275 150.9666667 0.452169522 III 0 1 0
SPCC895.07 0 809 1 0 0.916172232 2.4 1342.84 23.84597808 0.0016221 538.1 0 0 0 0 0 0 0 1011412 1014314 0.804024589 37.64833333 0.461868745 III 0 1 0
SPCC895.09c 4 1327 1 0 0.920958663 2 8341.62 34.75496395 0.0024184 NA 0 0 0 0 0 0 0 1016696 1022436 1.068527901 25.49833333 0.342037861 III 0 1 0
SPCC962.05 1 519 1 0 0.501827975 0.44 NA 25.19493777 0.0028074 NA 0 1 0 0 0 0 0 553995 556291 1.072767155 9.5845 0.53530044 III 0 1 0
SPCC965.03 2 285 1 0 0.123081348 4.4 8058.4 34.28583755 0.0005104 716.3 0 0 0 0 0 0 0 2285010 2286855 NA 94.42 0.387350373 III 1 1 0
SPCC970.05 1 99 1 0 0.458669474 47 NA 155.70052 0.0014599 NA 0 0 0 0 0 0 0 506350 506920 0.637663939 1705.166667 0.814758315 III 0 1 0
SPCC970.08 0 967 1 0 0.449400971 4.7 852.73 16.75498012 0.0016589 586.5 0 0 0 0 0 0 0 496118 499892 NA 56.96166667 0.663430611 III 1 1 0
SPCC970.09 8 1073 1 0 0.443873567 1.6 418.01 21.7697232 0.0018768 967.2 0 0 0 0 0 0 0 490016 495983 NA 21.68166667 0.490969092 III 1 1 0
SPCP31B10.07 0 842 1 0 0.48670325 63 152630.81 70.42076868 0.0006134 NA 0 0 0 0 0 0 0 NA NA NA NA 0.62109705 III 0 1 0
SPCPB16A4.03c 0 585 1 0 0.858366381 23 91542.42 101.3971039 0.0037368 974.8 0 0 0 0 0 0 0 947597 949685 1.099506057 396.8333333 0.807454186 III 0 1 0
SPCPJ732.01 0 576 1 0 0.636396082 3 4289.51 26.72677088 0.0025301 792.7 0 0 0 0 0 0 0 702552 704818 NA 48.47333333 0.560542763 III 0 1 0
