SPAC1002.05c 0 715 1 0 0.478462724 0.52 NA 20.38780573 0.0043057 NA 0 0 0 0 0 1 0 1804548 1806797 1.056456926 8.13 0.446987308 I 0 0 0
SPAC1006.03c 3 712 1 0 0.279422365 2.1 1717.83 21.02721211 0.00582 852.1 0 0 1 0 0 1 0 5070931 5074055 0.867005284 39.27833333 0.274994463 I 0 0 0
SPAC1039.05c 5 781 1 0 0.066024224 2 NA 24.21671472 0.0028002 NA 0 0 1 0 0 1 0 5456674 5459789 1.159429786 29.59 0.322551816 I 0 0 0
SPAC1071.01c 0 670 1 0 0.95217913 4.2 982.2 22.54032999 0.001306 639.8 0 0 0 0 0 1 0 3855385 3857994 NA 80.505 0.485289126 I 1 0 0
SPAC10F6.08c 2 341 1 0 0.323385798 2.9 2496.6 22.36714391 0.0025611 537.1 0 0 0 0 0 1 0 1219667 1220847 1.046508532 37.45166667 0.35140678 I 0 0 0
SPAC1142.08 0 743 1 0 0.965082298 3.1 NA 30.82998501 0.0035319 NA 0 0 1 0 0 1 0 3639860 3642338 1.11801513 49.90333333 0.474888961 I 0 0 0
SPAC11D3.17 1 585 1 0 0.037437884 0.6 NA 17.47225624 0.0044842 NA 0 0 0 0 0 1 0 141199 144768 1.102341954 4.625666667 0 I 0 0 0
SPAC11E3.01c 0 1288 1 0 0.164702622 2.7 237.51 21.20312088 0.0020386 848.9 0 0 0 0 0 1 0 5277395 5281420 1.024556708 34.85 0.429755417 I 0 0 0
SPAC11E3.06 2 398 1 0 0.157327564 0.11 NA 22.91862501 0.0032929 NA 0 0 0 0 0 1 0 5292648 5294751 1.128109404 3.756333333 0.086190865 I 0 0 0
SPAC11E3.08c 0 522 1 0 0.155644096 0.46 NA 22.36216076 0.0016748 NA 0 0 0 0 0 1 0 5296049 5297794 0.805661317 7.209166667 0.226127188 I 0 0 0
SPAC1250.01 1 1199 1 0 0.262748682 4.6 2253.64 26.25451722 0.0029197 655.2 0 0 1 0 0 1 0 5100148 5104194 NA 54.00166667 0.580811187 I 1 0 0
SPAC12B10.12c 0 638 1 0 0.543828513 0.84 NA 20.26937613 0.0034269 NA 0 0 0 0 0 1 0 4593600 4596120 0.694777574 16.25333333 0.447145213 I 0 0 0
SPAC12G12.08 0 213 1 0 0.088339714 1.5 2313 37.26882639 0.0020465 655.9 0 1 0 0 0 1 0 333178 334621 NA 40.525 0.312641369 I 1 0 0
SPAC12G12.13c 0 684 1 0 0.085313375 2.6 703.79 21.46647194 0.0014918 795.7 0 0 0 0 0 1 0 321764 324129 0.613961177 50.815 0.57722003 I 0 0 0
SPAC12G12.15 2 472 1 0 0.084049174 2.9 NA 19.08928481 0.0017141 NA 0 0 0 0 0 1 0 316996 319185 0.924429747 49.67 0.503241865 I 0 0 0
SPAC1327.01c 0 977 1 0 0.584592717 4 1668.27 24.49357489 0.0023883 NA 0 0 1 0 0 1 0 2204823 2208418 1.106007184 42.93 0.415031922 I 0 0 0
SPAC139.03 2 625 1 0 0.270894968 1 NA 29.66978961 0.0027984 NA 0 0 1 0 0 1 0 1021695 1024135 1.025380861 18.205 0.064034417 I 0 0 0
SPAC139.06 5 378 1 0 0.273130121 2.8 3956.61 42.80892408 0.004237 NA 0 0 0 0 0 1 0 1030125 1031941 NA 74.93166667 0.431501232 I 0 0 0
SPAC1399.05c 1 529 1 0 0.487468826 1.6 NA 23.00224749 0.0035808 NA 0 0 1 0 0 1 0 1838515 1840293 1.058646126 24.02666667 0.619110857 I 0 0 0
SPAC13A11.04c 5 449 1 0 0.153611217 1.8 865.4 29.59883958 0.0032441 NA 0 0 0 0 0 1 0 579353 581553 0.893636334 33.77333333 0.456240526 I 0 0 0
SPAC13G6.01c 0 1133 1 0 0.045203913 2.6 100 23.74600467 0.0034758 NA 0 0 0 0 0 1 0 170489 174701 1.090943847 45.325 0.491715412 I 0 0 0
SPAC13G7.10 2 390 1 0 0.613446076 4 NA 22.42188548 0.0022402 NA 0 0 0 0 0 1 0 2313645 2315160 NA 59.62333333 0.552362319 I 1 0 0
SPAC140.04 0 295 1 0 0.504321296 2.1 NA 28.87144098 0.0029592 NA 0 0 0 0 0 1 0 1902075 1903841 0.922330111 36.05166667 0.234283091 I 0 0 0
SPAC144.05 5 1375 1 0 0.506362378 1.3 NA 28.82004689 0.0030767 NA 0 0 0 0 0 1 0 4658794 4663843 1.071286297 19.18666667 0.406925117 I 0 0 0
SPAC144.06 4 825 1 0 0.5038369 2.1 1378.4 31.60532739 0.002098 649.3 0 0 1 0 0 1 0 4664299 4668408 1.09049379 31.51 0.512673863 I 0 0 0
SPAC144.13c 0 556 1 0 0.496788799 0.77 NA 16.47912493 0.0023588 NA 0 0 0 0 0 1 0 4677611 4681148 1.06524367 10.3085 0.189891453 I 0 0 0
SPAC1486.04c 0 1727 1 0 0.846188865 2.7 2128.7 39.01426357 0.0031258 740.9 0 0 1 0 0 1 0 3191447 3196943 0.835428621 32.95 0.375240584 I 0 0 0
SPAC1486.06 1 410 1 0 0.849480877 4.2 14661.57 40.31269831 0.0014208 353.2 0 1 0 0 0 1 0 3203863 3205821 NA 70.185 0.486132054 I 1 0 0
SPAC14C4.06c 2 307 1 0 0.187412556 2.4 2744.67 21.82281934 0.0042658 504.9 0 0 1 1 0 1 0 5238326 5240370 0.929309891 49.16833333 0.308759086 I 0 0 0
SPAC1565.07c 1 1220 1 0 0.345029396 0.89 801.24 29.74612281 0.0025108 632.2 0 0 0 0 0 1 0 1301297 1305977 1.026505951 12.72416667 0.095748781 I 0 0 0
SPAC15A10.02 0 450 1 0 0.975183704 5.5 3824.46 29.39300555 0.0009711 594.7 0 0 0 0 0 1 0 3677958 3680028 NA 93.79666667 0.456283042 I 1 0 0
SPAC15A10.03c 0 852 1 0 0.975820577 1.3 NA 20.66705259 0.0017114 NA 0 0 1 0 0 1 0 3680360 3683268 1.119056585 16.87333333 0.670653666 I 0 0 0
SPAC16.04 1 617 1 0 0.634767277 3.6 6517.98 42.47155155 0.0016536 775.1 0 0 0 0 0 1 0 4429631 4431741 1.123875667 77.75 0.563546631 I 0 0 0
SPAC167.03c 0 649 1 0 0.412295038 2.4 1394.88 23.64165402 0.0024705 NA 0 0 0 0 0 1 0 1554993 1557929 NA 36.815 0.515222976 I 1 0 0
SPAC1687.05 1 727 1 0 0.240944714 3.3 424.49 25.11321793 0.0018048 368.3 0 0 1 0 0 1 0 908736 911854 1.087799218 60.62166667 0.48195832 I 0 0 0
SPAC1687.11 3 802 1 0 0.24453342 6.5 1427.1 27.0949099 0.0027281 482.3 0 0 0 0 0 1 0 922271 925133 NA 124.825 0.596332868 I 1 0 0
SPAC16A10.02 1 136 1 0 0.81686806 2.7 6961.37 33.31408077 0.0031968 796.6 0 0 0 0 0 1 0 3080862 3083426 1.072551837 67.79 0.374710989 I 0 0 0
SPAC16A10.07c 0 663 1 0 0.819561645 2.3 449.27 20.28013578 0.0021986 190.6 0 0 0 0 0 1 0 3091021 3093570 NA 34.545 0.107341717 I 0 0 0
SPAC16E8.16 1 340 1 0 0.935945767 2.6 855.06 20.74010717 0.0008562 545.4 0 0 0 0 0 1 0 3529970 3532143 NA 27.09166667 0.48502593 I 1 0 0
SPAC1782.08c 0 540 1 0 0.447894117 2.7 NA 24.55680978 0.003508 NA 0 1 0 0 0 1 0 4767907 4769529 0.950527971 60.37666667 0.425927911 I 0 0 0
SPAC1782.09c 1 537 1 0 0.446688637 3.3 417.9 14.8797001 0.000814 NA 0 0 0 0 0 1 0 4769991 4771708 1.110010216 44.91166667 0.659257276 I 0 0 0
SPAC1783.03 0 351 1 0 0.580887878 1.1 NA 23.40613749 0.0049768 NA 0 0 0 0 0 1 0 2190850 2193879 NA 16.93833333 0.338034836 I 1 0 0
SPAC1783.04c 1 415 1 0 0.581202602 2.8 NA 46.61415015 0.0021056 NA 0 0 0 0 0 1 0 2192037 2193656 1.091794815 64.93833333 0.525890547 I 0 0 0
SPAC17A2.03c 1 343 1 0 0.942458732 3.5 12525.75 35.74093576 0.003395 875.1 0 0 0 0 0 1 0 3554534 3556722 NA 97.61 0.348269565 I 1 0 0
SPAC17A5.02c 4 478 1 0 0.465000369 1.7 1912.4 37.25869273 0.0009143 776.7 0 1 0 0 0 1 0 1753774 1755715 0.788199043 35.68666667 0.480421305 I 0 0 0
SPAC17A5.06 0 804 1 0 0.467062648 2.9 180.24 20.82531255 0.0030829 NA 0 0 0 0 0 1 0 1761552 1764319 NA 44.07333333 0.744135525 I 1 0 0
SPAC17A5.07c 6 638 1 0 0.467773496 2 NA 27.39838661 0.0026827 NA 0 0 0 0 0 1 0 1764233 1766758 0.727703421 42.15333333 0.487520973 I 1 0 0
SPAC17C9.13c 0 262 1 0 0.608622362 6.6 NA 22.82500356 0.0005551 NA 0 0 0 1 0 1 0 4477472 4479000 NA 147.7166667 0.453164777 I 1 0 0
SPAC17G6.14c 0 434 1 0 0.959039961 11 48907.61 57.43388878 0.0003356 892.8 0 0 0 0 0 1 0 3617071 3618932 NA 233.15 0.676927461 I 1 0 0
SPAC17G8.02 0 330 1 0 0.621511716 1.4 2172.2 24.05606106 0.0022052 674.4 0 0 1 0 0 1 0 2344065 2346044 NA 26.59666667 0.326001616 I 1 0 0
SPAC17G8.13c 2 407 1 0 0.6266645 1.6 NA 20.22994184 0.0010734 NA 0 0 0 0 0 1 0 2363499 2367108 1.172567986 35.54166667 0.375902448 I 0 1 0
SPAC17H9.02 0 1030 1 0 0.531543496 2.2 NA 36.77994587 0.0021239 1289.6 0 0 0 0 0 1 0 2004745 2008108 NA 37.02166667 0.402001254 I 1 0 0
SPAC17H9.06c 3 601 1 0 0.534014096 0.67 NA 24.23517436 0.003395 NA 0 0 0 0 0 1 0 2014063 2016932 1.09432553 12.86833333 0.274659535 I 0 0 0
SPAC17H9.20 5 962 1 0 0.539917233 1.1 722.74 23.27001547 0.0028823 417 0 0 0 0 0 1 0 2036327 2040544 NA 16.67333333 0.481506158 I 1 0 0
SPAC1834.03c 0 103 1 0 0.48661165 28 NA 31.42473139 0.0042111 NA 0 0 0 0 0 1 0 4698773 4699544 1.080745888 934.4666667 0.645915811 I 0 0 0
SPAC1834.04 0 136 1 0 0.486049572 28 NA 34.47991536 0 NA 0 0 0 0 0 1 0 4699691 4700560 1.05509804 765.8 0.430746495 I 0 0 0
SPAC1851.03 3 231 1 0 0.593832413 2.6 NA 29.44511351 0.0012585 649.7 0 0 0 0 0 1 0 4502333 4505734 0.795864802 72.79 0.445456948 I 1 0 0
SPAC18G6.02c 0 960 1 0 0.586180126 0.91 NA 16.60790314 0.0048882 NA 0 0 1 0 0 1 0 2210810 2214664 0.718671572 11.64916667 0.199188901 I 0 0 0
SPAC1952.05 0 454 1 0 0.333836032 2.5 1718.39 21.05509537 0.0022459 NA 0 0 0 0 0 1 0 4973601 4975698 1.034038627 37.65166667 0.359423614 I 0 0 0
SPAC1952.06c 0 564 1 0 0.332480627 2.3 600.94 31.35426456 0.0025838 NA 0 0 0 0 0 1 0 4975630 4978148 1.00679514 41.68833333 0.350106506 I 0 0 0
SPAC19B12.05c 5 723 1 0 0.379141382 4 2059.85 36.41205964 0.0010082 544.1 0 0 0 0 0 1 0 4890740 4893805 NA 93.80666667 0.469321389 I 1 0 0
SPAC19D5.04 0 3227 1 0 0.199379391 4.8 2451.44 40.63084598 0.0028492 601.5 0 0 0 0 0 1 0 5208643 5218739 NA 29.85 0.527956115 I 1 0 0
SPAC19G12.02c 4 794 1 0 0.846297174 1.2 1064.12 24.07764858 0.0025708 NA 0 0 0 0 0 1 0 4044821 4049384 0.982291052 25.71166667 0.407301644 I 0 0 0
SPAC19G12.06c 0 131 1 0 0.844077078 26 9982.36 25.62881971 0.001106 NA 0 0 0 0 0 1 0 4052446 4053397 NA 658.7166667 0.367282767 I 0 0 0
SPAC19G12.07c 6 603 1 0 0.842265262 2.6 8193.86 41.12819924 0.0014478 552.5 0 0 1 0 0 1 0 4053604 4056672 NA 49.93 0.400012826 I 1 0 0
SPAC1B1.01 1 478 1 0 0.937684042 9.3 2256.83 55.32312202 0.0027468 339.3 0 0 1 0 0 1 0 3536526 3538612 NA 135.15 0.342525157 I 1 0 0
SPAC1B3.02c 3 107 1 0 0.359308224 6.4 4802.54 52.12044413 0 NA 0 0 0 0 0 1 0 4928172 4929655 1.105868153 235.6166667 0.221812179 I 0 0 0
SPAC1D4.09c 3 240 1 0 0.172932696 2.9 1205.73 39.44717263 0.0006057 428.6 0 0 0 0 0 1 0 652225 653321 0.865674943 90.94166667 0.41254142 I 0 0 0
SPAC1D4.11c 0 690 1 0 0.17395376 5.5 NA 22.53445763 0.0023239 NA 0 0 1 0 0 1 0 656076 660381 0.826693049 26.54 0.425365405 I 0 0 0
SPAC1D4.14 1 1628 1 0 0.177699431 3.1 1042.4 32.11272368 0.0030476 554.9 0 0 0 0 0 1 0 670203 675444 NA 38.70166667 0.428863287 I 1 0 0
SPAC1F3.09 4 561 1 0 0.1680082 3.4 5417.67 29.49834739 0.0018183 547.9 0 0 0 0 0 1 0 633652 636959 1.066672419 71.80333333 0.303157724 I 0 0 0
SPAC1F7.01c 0 1365 1 0 0.753629579 7.5 4378.41 38.10261218 0.0016031 619.9 0 0 0 0 0 1 0 4212476 4216888 0.922856123 96.23833333 0.651865282 I 0 0 0
SPAC20G8.01 2 768 1 0 0.367989693 2.2 1096.07 25.5668145 0.0017085 799.2 0 0 0 0 0 1 0 1387893 1390617 NA 29.70333333 0.507747488 I 1 0 0
SPAC20G8.08c 4 944 1 0 0.374281795 1.2 NA 27.74227133 0.0023172 449.6 0 0 1 0 0 1 0 1411624 1415165 1.144503449 21.26833333 0.450078534 I 0 0 0
SPAC20H4.03c 4 293 1 0 0.560753737 2.9 8605.79 45.62760997 0.0004965 685.7 0 0 0 0 0 1 0 2114913 2116435 0.895578815 93.31666667 0.477819474 I 0 0 0
SPAC21E11.03c 0 171 1 0 0.733307369 2.5 2609.25 18.53259033 0.0042438 279.4 0 0 1 0 0 1 0 4252142 4253622 0.987314419 41.275 0.168842762 I 0 0 0
SPAC21E11.05c 2 516 1 0 0.731083953 1.6 1002.08 26.17791678 0.0016942 1444.7 0 0 0 0 0 1 0 4254965 4257641 1.069066373 29.92166667 0.529696758 I 0 0 0
SPAC222.09 1 620 1 0 0.254501725 11 8022.21 36.00753815 0.0018806 588.9 0 0 1 0 0 1 0 959867 962227 NA 157.5333333 0.598600535 I 1 0 0
SPAC22A12.01c 0 560 1 0 0.306634082 1.4 NA 22.87622675 0.0039034 486.7 0 0 1 0 0 1 0 1156487 1159594 0.935876712 26.43 0.332252353 I 0 0 0
SPAC22A12.09c 4 481 1 0 0.310840306 1.9 1543.31 33.91532569 0.0030287 523.3 0 0 0 0 0 1 0 1172351 1174497 NA 39.63166667 0.482674272 I 1 0 0
SPAC22E12.02 1 219 1 0 0.307030564 1.5 2090.62 27.85694819 0.0006636 NA 0 0 0 0 0 1 0 5021952 5024151 NA 26.76833333 0.360437977 I 1 0 0
SPAC22E12.11c 0 859 1 0 0.296359385 4.4 223.33 18.63384299 0.0003395 NA 0 0 0 0 0 1 0 5039546 5043440 0.970600052 33.20833333 0.148011895 I 0 0 0
SPAC22E12.19 0 661 1 0 0.287721864 2.4 NA 21.22161185 0.0026516 502.7 0 0 1 0 0 1 0 5056600 5059053 1.043158359 29.995 0.328048458 I 0 0 0
SPAC22F3.02 0 209 1 0 0.186936737 0.027 NA NA 0.0027807 NA 0 0 1 0 0 1 0 705042 708014 1.071749209 1.2644 0.347507658 I 0 0 0
SPAC22F3.07c 2 118 1 0 0.183338751 3.8 19997.89 88.35437495 0.0049071 780.8 0 1 0 0 0 1 0 691472 692077 1.013589022 140.8666667 0.357382199 I 0 0 0
SPAC22F8.07c 6 466 1 0 0.431398572 1.5 NA 27.79537992 0.003126 NA 0 0 0 0 0 1 0 4797195 4799346 1.07663542 41 0.322581384 I 0 0 0
SPAC22F8.10c 0 601 1 0 0.427466794 2.1 1033.07 24.94515246 0.0026675 476.4 0 0 1 0 0 1 0 4804513 4806453 NA 39.18 0.60215406 I 1 0 0
SPAC22G7.05 1 598 1 0 0.195336458 4.3 5523.69 39.10546655 0.0026809 748.2 0 0 0 0 0 1 0 736722 738782 1.029257991 79.26666667 0.567888538 I 0 0 0
SPAC22H12.02 3 241 1 0 0.237036511 5.6 3638.64 49.72807726 0.0030162 764.5 0 0 0 0 0 1 0 893996 896547 NA 136.05 0.325970219 I 0 0 0
SPAC23C11.15 2 1075 1 0 0.572802086 2.4 900.26 31.79551876 0.0021708 484.1 0 0 0 0 0 1 0 2160354 2164078 0.498811723 37.58333333 0.429175369 I 0 0 0
SPAC23C4.07 0 201 1 0 0.275318609 0.18 NA 13.6336267 0.0021681 NA 0 0 0 0 0 1 0 1038379 1041195 1.050816952 1.5105 0 I 0 0 0
SPAC23C4.17 5 685 1 0 0.280441696 3 4846.34 37.67261455 0.0036767 1139.4 0 0 0 0 0 1 0 1057701 1061166 1.091451356 56.04166667 0.42989952 I 0 0 0
SPAC23C4.18c 2 648 1 0 0.280692256 1 NA 20.99897353 0.0020245 NA 0 0 0 0 0 1 0 1058646 1063306 NA 19.815 0.507680423 I 1 0 0
SPAC23C4.19 0 990 1 0 0.282039976 7.3 3664.05 36.47730489 0.0020624 625.8 0 0 0 0 0 1 0 1063729 1066954 NA 105.86 0.644245876 I 1 0 0
SPAC23D3.01 0 407 1 0 0.686366682 1.3 NA 24.42986393 0.0042937 NA 0 0 1 0 0 1 0 4337097 4338471 1.088428013 30.98833333 0.241775561 I 0 0 0
SPAC23E2.01 0 564 1 0 0.117246366 3.1 2813.76 22.52261996 0.0015503 448.2 0 0 1 0 0 1 0 442201 445721 1.025786007 24.41166667 0.221890833 I 0 0 0
SPAC23G3.09 0 365 1 0 0.234482921 2.8 2304.11 24.68225264 0.0011966 604.2 0 0 1 0 0 1 0 884365 885989 NA 61.70833333 0.593387077 I 1 0 0
SPAC23G3.12c 0 996 1 0 0.235727236 5.8 10244.99 35.8045653 0.0019035 717 0 0 0 0 0 1 0 889058 892211 1.074215939 91.47666667 0.59196227 I 0 0 0
SPAC23H4.12 1 337 1 0 0.420787294 3.3 4837.18 31.00180265 0.0017276 572 0 0 0 0 0 1 0 1587022 1588751 0.912931238 72.21666667 0.382460308 I 0 0 0
SPAC23H4.15 0 783 1 0 0.418837434 4.2 4028.58 19.82712865 0.0018644 929.8 0 0 0 0 0 1 0 1579668 1582323 NA 66.81166667 0.618001278 I 1 0 0
SPAC24C9.15c 2 464 1 0 0.815119444 0.19 NA NA 0.0012558 NA 0 0 0 0 0 1 0 3074267 3075988 1.100434862 2.276116667 0.377847615 I 0 0 0
SPAC24H6.06 1 699 1 0 0.126333601 1.4 NA 23.92536959 0.0041461 NA 0 0 0 0 0 1 0 476474 478803 NA 31.49666667 0.419085911 I 1 0 0
SPAC25A8.01c 0 922 1 0 0.556321081 5.2 12478.68 28.6225519 0.0022143 527.1 0 0 0 0 0 1 0 2098195 2101876 1.111514164 65.1 0.435866394 I 0 0 0
SPAC25G10.01 0 297 1 0 0.709125853 3.4 2573.28 29.47592507 0.0034292 NA 0 0 0 0 0 1 0 4295138 4297332 1.093894313 52.41833333 0.180147153 I 0 0 0
SPAC25G10.03 1 330 1 0 0.706874222 16 NA 69.9757977 0.0035283 54.1 0 0 0 0 0 1 0 4299757 4301402 0.583014088 313.45 0.273741798 I 1 0 0
SPAC25G10.04c 0 791 1 0 0.705500562 0.27 NA 26.00444518 0.0066609 NA 0 0 0 0 0 1 0 4301367 4303885 NA 4.459833333 0.331167924 I 0 0 0
SPAC25G10.07c 0 1085 1 0 0.701929487 1.3 349.58 20.26575682 0.004436 NA 0 0 0 0 0 1 0 4306511 4310340 NA 16.47666667 0.394733583 I 1 0 0
SPAC26A3.02 2 461 1 0 0.88420423 1.2 NA 18.94492296 0.0018959 NA 0 0 0 0 0 1 0 3334824 3337714 1.019319473 25.185 0.459250847 I 0 0 0
SPAC26A3.12c 0 991 1 0 0.889857072 4.1 2185.72 29.74396137 0.0013245 1064 0 0 0 0 0 1 0 3356144 3361083 NA 59.99666667 0.497704314 I 1 0 0
SPAC26H5.09c 1 369 1 0 0.796675 15 61582.98 66.52199029 0.0027619 1223.4 0 0 0 0 0 1 0 4137266 4139080 1.055780339 246.3666667 0.418040734 I 0 0 0
SPAC27F1.09c 2 1166 1 0 0.687292782 3.6 999.68 23.35643198 0.00221 601.7 0 0 0 0 0 1 0 4333135 4336797 NA 58.235 0.73503338 I 1 0 0
SPAC29B12.02c 0 798 1 0 0.092942549 3.7 605.08 33.80950483 0.0029234 778.5 0 0 0 0 0 1 0 5408180 5411132 1.051752965 54.745 0.496678298 I 0 0 0
SPAC29E6.02 4 542 1 0 0.647018471 2.8 355.77 30.52922941 0.0024196 737.4 0 0 1 0 0 1 0 4403839 4409596 NA 48.55166667 0.449476708 I 1 0 0
SPAC29E6.08 3 231 1 0 0.642838847 10 5963.89 21.98052857 0.0012585 112.5 0 0 0 0 0 1 0 4415474 4417151 NA 217.85 0.483441621 I 1 0 0
SPAC2C4.03c 3 115 1 0 0.727222434 5.7 4662.05 60.32741082 0.0012585 1072.9 0 0 0 0 0 1 0 4263953 4264621 NA 169.2 0.637754816 I 1 0 0
SPAC2F3.14c 0 331 1 0 0.900350137 1.5 NA 26.51932473 0.0064405 361.3 0 0 0 0 0 1 0 3950396 3951679 NA 25.13833333 0.392285996 I 1 0 0
SPAC2F3.18c 2 85 1 0 0.90517095 5.5 NA 76.75042814 0.004515 NA 0 0 0 0 0 1 0 3942040 3942965 1.045272121 221.2166667 0.281484677 I 0 0 1
SPAC2F7.07c 0 607 1 0 0.1442713 5.1 NA 19.05335436 0.0019209 1856.9 0 0 1 0 0 1 0 544127 546240 1.080443725 81.37333333 0.302582382 I 0 0 0
SPAC30D11.07 0 355 1 0 0.293361834 1 NA 22.91229851 0.0024604 NA 0 0 1 0 0 1 0 1106430 1107885 1.027379171 18.42833333 0.499178383 I 0 0 0
SPAC30D11.08c 1 538 1 0 0.29291719 2.7 1109.5 28.88636874 0.0021668 NA 0 0 1 0 0 1 0 1104753 1106608 NA 59.705 0.458708227 I 1 0 0
SPAC30D11.10 0 469 1 0 0.291521479 2.5 448.1 13.43204109 0.0031061 379.9 0 0 1 0 0 1 0 1099489 1101583 0.558585019 27.02 0.336577408 I 0 0 0
SPAC30D11.14c 0 534 1 0 0.289638436 4.3 8206.95 34.03986203 0.0019137 NA 0 0 0 0 0 1 0 1092387 1094379 1.02466815 85.02166667 0.406695169 I 0 0 0
SPAC31G5.19 1 1190 1 0 0.801539896 3 1598.58 33.02129166 0.0036772 603.1 0 0 0 0 0 1 0 3023051 3028158 0.849318128 33.57833333 0.40076753 I 0 0 0
SPAC31G5.21 0 118 1 0 0.798076337 1.5 NA 37.37538644 0 441 0 0 0 0 0 1 0 3009988 3010684 NA 31.665 0.456158562 I 0 0 0
SPAC323.03c 3 575 1 0 0.921943107 0.65 129.59 22.6868484 0.0015207 NA 0 0 0 0 0 1 0 3910535 3912648 0.97734519 12.60666667 0.004458042 I 0 0 0
SPAC32A11.03c 0 942 1 0 0.650075009 1.8 135.57 16.63149159 0.004025 NA 0 0 0 0 0 1 0 2451793 2456514 1.088210548 16.53333333 0.02357296 I 0 0 0
SPAC343.18 1 205 1 0 0.445494085 1.8 NA 22.76822623 0.0014173 NA 0 0 1 0 0 1 0 1680205 1681471 1.110584707 36.36833333 0.143761528 I 0 0 0
SPAC3A11.14c 3 832 1 0 0.911785434 1.2 NA 26.21871996 0.0033298 NA 0 0 1 0 0 1 0 3438848 3442117 1.013371471 17.82666667 0.230503931 I 0 0 0
SPAC3A12.11c 2 388 1 0 0.381605301 2.8 826.7 27.96684254 0.0015011 565.5 0 0 0 0 0 1 0 1439245 1440658 NA 62.15333333 0.579239009 I 1 0 0
SPAC3F10.12c 0 201 1 0 0.753556492 2.8 NA 21.27471186 0.0021681 NA 0 0 0 0 0 1 0 2842079 2843650 1.063880231 50.205 0.125952974 I 0 0 0
SPAC3G6.01 2 1388 1 0 0.108554038 3.3 3061.23 34.05458423 0.0013663 462.8 0 0 0 0 0 1 0 5377829 5382913 1.010054939 35.18333333 0.564256454 I 0 0 0
SPAC3G6.06c 2 380 1 0 0.103793527 1.5 3579.33 44.09813831 0.0011495 549 0 0 0 0 0 1 0 5389586 5391518 0.847638253 32.23 0.508937017 I 0 0 0
SPAC3G9.03 1 139 1 0 0.842979578 45 195779.12 117.7250653 0 NA 0 1 0 0 0 1 0 3179343 3180033 0.893315915 1863.166667 0.840996764 I 0 0 0
SPAC3H1.11 0 582 1 0 0.519006489 3.5 NA 27.59553106 0.0015033 NA 0 0 0 0 0 1 0 1957461 1961546 NA 37.30833333 0.056687035 I 0 0 0
SPAC3H1.12c 0 1131 1 0 0.520022516 1.2 NA 18.26647065 0.0016765 NA 0 0 0 0 0 1 0 1961293 1965706 0.952508759 15.12166667 0.32627084 I 0 0 0
SPAC3H5.06c 1 1405 1 0 0.909694253 3.1 667.03 29.99206501 0.0020766 892.9 0 0 0 0 0 1 0 3430961 3436241 NA 29.97333333 0.532665356 I 1 0 0
SPAC3H5.08c 2 933 1 0 0.908345207 2.9 477.09 16.967484 0.0029015 2765.1 0 0 1 0 0 1 0 3425873 3429364 0.996669058 43.46833333 0.362764517 I 0 0 0
SPAC3H8.09c 2 738 1 0 0.160228914 0.68 NA 18.32428139 0.0019754 NA 0 0 0 0 0 1 0 604312 607742 0.823429361 10.0865 0.130807929 I 0 0 0
SPAC458.07 3 434 1 0 0.460797011 2.2 1534.03 24.47912664 0.0029262 433.8 0 0 0 0 0 1 0 4744528 4746206 NA 39.78666667 0.578940645 I 1 0 0
SPAC4A8.09c 1 293 1 0 0.679422063 2.8 1270.87 26.67674387 0.0019862 1126.5 0 0 1 0 0 1 0 2562477 2564277 0.979812095 60.31166667 0.148504218 I 0 0 0
SPAC4D7.13 0 695 1 0 0.111403706 3.6 3537.34 20.81760112 0.0023072 723.8 0 0 1 0 0 1 0 5375546 5377762 NA 73.78666667 0.520794089 I 1 0 0
SPAC4G8.07c 4 527 1 0 0.205220448 1.8 3382.66 24.91427885 0.0019465 760 0 1 0 0 0 1 0 774000 776062 1.103327972 32.37333333 0.519523025 I 0 0 0
SPAC4H3.05 3 887 1 0 0.964490625 0.62 100 24.51471681 0.0027948 NA 0 0 1 0 0 1 0 3832332 3835740 0.991736049 10.42533333 0.447788328 I 0 0 0
SPAC521.02 0 283 1 0 0.223567527 3.3 NA 54.34353122 0.0020561 NA 0 0 0 0 0 1 0 843197 844165 1.016181447 79.485 0.520266522 I 0 0 0
SPAC56F8.14c 0 131 1 0 0.30441855 0.32 NA 27.64235643 0.0022231 NA 0 1 0 0 0 1 0 1148131 1152178 1.121618081 5.071166667 0 I 0 0 0
SPAC56F8.16 0 413 1 0 0.305861191 9.6 NA 25.55755158 0.0049367 36.8 0 0 1 0 0 1 0 1153572 1156804 1.084197679 28.44666667 0.157947715 I 0 0 0
SPAC57A10.04 1 344 1 0 0.363286857 0.056 NA 12.731945 0.0034451 NA 0 0 0 0 0 1 0 1370156 1371501 1.07408332 1.1098 0.485665198 I 0 0 0
SPAC57A10.05c 0 605 1 0 0.363967214 5.1 701.01 17.73665395 0.0021681 NA 0 0 0 0 0 1 0 1372722 1376240 NA 38.63833333 0.289240073 I 1 0 0
SPAC57A10.10c 1 298 1 0 0.366535386 9.7 18100.94 56.87159971 0.0014647 814.3 0 0 0 0 0 1 0 1382408 1383592 1.057470589 301.6166667 0.437850327 I 0 0 0
SPAC57A7.13 3 565 1 0 0.401076851 1.2 NA 23.61602082 0.0015475 NA 0 0 0 0 0 1 0 1512683 1514838 1.023859535 31.11666667 0.369822573 I 0 0 0
SPAC589.03c 1 168 1 0 0.82168968 1.5 NA 29.40529875 0.0025966 998.3 0 0 0 0 0 1 0 3099047 3100030 1.151281855 45.08 0.233600281 I 0 0 0
SPAC5D6.02c 0 300 1 0 0.400252522 0.81 NA 28.75657741 0.001455 NA 0 0 0 0 0 1 0 1509574 1511606 0.976488459 11.25666667 0.024956429 I 0 0 0
SPAC631.02 1 727 1 0 0.558250525 7.2 2421.36 13.56399235 0.0036022 48.5 0 0 0 0 0 1 0 2105472 2110519 0.780913886 72.83166667 0.238793727 I 0 0 0
SPAC637.09 0 631 1 0 0.565254963 2.9 3332.56 33.36531257 0.0016377 679.5 0 0 0 0 0 1 0 4555184 4557390 0.581016793 52.53666667 0.599290304 I 0 0 0
SPAC637.12c 0 463 1 0 0.562196728 2.7 564.71 19.01493273 0.0018891 NA 0 0 0 0 0 1 0 4559101 4562918 NA 49.375 0.473585437 I 1 0 0
SPAC644.04 1 303 1 0 0.709702155 3.2 4066.64 30.45507255 0.0019209 629.5 0 0 0 0 0 1 0 2676680 2679291 NA 74.09 0.336725571 I 1 0 0
SPAC644.12 5 757 1 0 0.714484533 2.8 2623.94 29.0378993 0.0028889 1403.5 0 0 1 0 0 1 0 2694717 2697430 NA 55.82 0.5947046 I 1 0 0
SPAC644.14c 0 365 1 0 0.715384163 2 2066.29 18.89158382 0.0031909 699.3 0 0 1 1 0 1 0 2698110 2700283 0.633025927 34.15 0.389622803 I 0 0 0
SPAC664.01c 0 328 1 0 0.451380518 7 2394.42 31.00921672 0.0031061 803.9 0 0 0 0 0 1 0 1702406 1704073 1.049526499 125.9 0.308165685 I 0 0 0
SPAC664.08c 3 452 1 0 0.45498752 3 1831.82 24.06853322 0.0064453 1270.8 0 0 1 0 0 1 0 1716010 1717792 NA 70.37166667 0.512946677 I 1 0 0
SPAC688.06c 1 419 1 0 0.82641797 0.39 NA 19.97597563 0.0013903 NA 0 0 0 0 0 1 0 3116880 3119162 1.070449016 7.4405 0.061333333 I 0 0 0
SPAC688.14 3 468 1 0 0.832872339 1.3 NA 42.81094138 0.0019083 1836 0 0 0 0 0 1 0 3141223 3143183 1.097455685 32.08666667 0.426597592 I 0 0 0
SPAC694.06c 0 1019 1 0 0.756083137 1.9 NA 26.41487272 0.0045799 NA 0 0 0 0 0 1 0 4209203 4212453 1.026777477 27.885 0.375072683 I 0 0 0
SPAC6B12.05c 0 295 1 0 0.641290301 3.3 NA 38.64129168 0.002466 NA 0 0 0 0 0 1 0 2418661 2419945 1.065328887 67.09666667 0.350741964 I 0 0 0
SPAC6B12.10c 1 454 1 0 0.644025248 2.2 701.69 32.10330283 0.0022459 449.8 0 0 0 0 0 1 0 2428976 2430742 NA 41.105 0.555544402 I 1 0 0
SPAC6B12.16 1 344 1 0 0.647634635 0.044 NA NA 0.002962 NA 0 0 1 0 0 1 0 2442589 2443829 1.117103229 0.12272 0.386047259 I 0 0 0
SPAC6F12.16c 1 1117 1 0 0.356596777 3.9 6280.52 33.37965656 0.0014368 864.7 0 0 0 0 0 1 0 1344924 1348614 NA 71.47833333 0.450854388 I 1 0 0
SPAC6F12.17 1 733 1 0 0.357594509 4.1 4877.53 29.50807959 0.0013922 899.5 0 0 1 0 0 1 0 1348687 1351231 NA 73.53833333 0.562790307 I 1 0 0
SPAC6F6.03c 1 537 1 0 0.724908353 9.5 2090.08 19.5848621 0.0005427 466.6 0 0 0 0 0 1 0 2734031 2736306 1.034535513 175 0.659070167 I 0 0 0
SPAC6G10.10c 0 194 1 0 0.858049229 1.8 NA 26.24319912 0.0029946 341.4 0 0 1 0 0 1 0 3236179 3237503 1.048314731 29.62166667 0.225340639 I 0 0 0
SPAC6G9.10c 0 1687 1 0 0.865002861 2 1083.15 31.74264191 0.0024355 557.4 0 0 0 0 0 1 0 3262405 3268066 1.094186153 27.105 0.449208812 I 0 0 0
SPAC6G9.15c 0 498 1 0 0.868737926 0.95 NA 21.69031359 0.002633 NA 0 0 0 0 0 1 0 3276492 3278586 1.091410857 20.66166667 0.165317507 I 0 0 0
SPAC821.07c 0 508 1 0 0.262923983 2.4 3976.17 33.07621111 0.004104 NA 0 0 0 0 0 1 0 991632 994230 1.175723461 43.76166667 0.347758111 I 0 0 0
SPAC823.15 1 309 1 0 0.691404657 2.6 8462.32 40.8174836 0.0014128 NA 0 0 0 0 0 1 0 2607670 2609360 1.116663821 69.64833333 0.222714462 I 0 0 0
SPAC890.04c 1 440 1 0 0.315065068 2.3 12021.47 32.23667038 0 1012.3 0 0 0 0 0 1 0 5007016 5009628 NA 52.87 0.381267888 I 1 0 0
SPAC8C9.14 4 539 1 0 0.971989795 3.5 3674.92 37.83992415 0.0016221 409.7 0 0 1 0 0 1 0 3665912 3669087 1.110925103 93.67833333 0.400060305 I 0 0 0
SPAC8F11.03 1 1004 1 0 0.75714944 0.86 NA 22.46505463 0.0023241 NA 0 0 1 0 0 1 0 2855630 2859170 1.032638588 14.28833333 0.428524168 I 0 0 0
SPAC9.13c 0 270 1 0 0.39469407 2.7 301.86 35.3804245 0.0010774 NA 0 0 0 0 0 1 0 1488610 1489774 NA 52.64833333 0.523937193 I 0 0 0
SPAC9E9.05 0 313 1 0 0.626550762 0.95 NA 25.23784703 0.0055791 NA 0 0 0 0 0 1 0 4444387 4446593 1.057385595 14.225 0.319450646 I 0 0 0
SPAC9E9.08 3 614 1 0 0.622802102 1.2 NA 29.75881155 0.003798 NA 0 0 1 0 0 1 0 4450589 4453369 0.941615753 18.90333333 0.206688387 I 0 0 0
SPAC9G1.13c 3 437 1 0 0.528994149 2.2 NA 27.05348611 0.0009999 498.6 0 0 1 0 0 1 0 1995130 1996858 NA 46.00666667 0.531602855 I 1 0 0
SPACUNK4.14 3 624 1 0 0.764351511 1.5 452.13 27.00602952 0.0064447 588.7 0 0 0 0 0 1 0 2882793 2885542 1.051943282 25.39166667 0.270510101 I 0 0 0
SPAP14E8.02 1 566 1 0 0.509750623 9.3 726.44 32.75533701 0.0028322 547.1 0 0 0 0 0 1 0 1922552 1924915 1.004104958 224.6166667 0.312917936 I 0 0 0
SPAP8A3.13c 0 547 1 0 0.130306338 1.9 NA 20.05390483 0.001867 NA 0 0 1 0 0 1 0 5340960 5343594 0.993818205 33.30166667 0.0253739 I 0 0 0
SPAPB18E9.01 7 450 1 0 0.886748518 1.6 2135.27 43.23084365 0.0035606 699.2 0 0 0 0 0 1 0 3974310 3976265 0.664534784 42.11166667 0.55444918 I 0 0 0
SPAPB1A10.05 0 294 1 0 0.494955925 3.5 2188.51 24.27881023 0.0086775 304.3 0 0 0 0 0 1 0 1866753 1868268 1.103754388 60.43333333 0.073384201 I 0 0 0
SPAPB1E7.02c 2 815 1 0 0.870464535 1.9 183.3 22.18724822 0.0030414 597.5 0 0 0 0 0 1 0 3283004 3285778 0.399040214 28.885 0.557673138 I 1 0 0
SPAPB1E7.03 1 591 1 0 0.871388027 3.8 1392.33 30.85375194 0.0014796 894.9 0 0 1 0 0 1 0 3286487 3288578 NA 69.16333333 0.568078782 I 1 0 0
SPAPB24D3.01 0 594 1 0 0.781388786 2.1 NA 24.16513949 0.0024535 NA 0 0 0 0 0 1 0 2947050 2950086 1.083346275 40.52333333 0 I 0 0 0
SPAPB24D3.04c 0 228 1 0 0.783159409 0.66 NA 17.93878089 0.0019125 NA 0 0 0 0 0 1 0 2953728 2954932 1.121303913 13.01733333 0.300683799 I 0 0 0
SPAPB2B4.03 0 411 1 0 0.718465386 3.2 NA 24.97867998 0.0003552 NA 0 0 1 0 0 1 0 2709731 2714162 1.116707486 44.53166667 0.332488529 I 0 0 0
SPAPB8E5.07c 0 1163 1 0 0.362785804 5.8 4535.04 26.18489595 0.0021333 633.9 0 0 1 0 0 1 0 4919715 4923369 NA 84.64166667 0.497929193 I 1 0 0
SPBC1105.01 2 1001 1 0 0.354598536 2.5 1625.22 28.36172958 0.0036424 1105.8 0 0 0 0 0 1 0 3502273 3505689 1.236298824 40.67166667 0.294871482 II 0 0 0
SPBC1105.04c 0 522 1 0 0.352282243 3.3 4212.08 21.92301136 0.0030704 469.8 0 0 1 0 0 1 0 3510427 3512444 0.318015718 61.485 0.020084778 II 0 0 0
SPBC1105.12 0 103 1 0 0.346129236 17 NA 37.41052785 0.0028074 NA 0 0 0 0 0 1 0 3529657 3530388 1.08906416 567.15 0.525866667 II 0 0 0
SPBC1105.14 1 637 1 0 0.344449024 2.2 NA 25.0948702 0.0034323 NA 0 0 0 0 0 1 0 3530760 3535288 1.112292125 27.66333333 0.23404383 II 0 0 0
SPBC1105.17 0 120 1 0 0.342777384 0.33 NA 23.98147643 0.0012065 NA 0 0 0 0 0 1 0 3538181 3540163 NA 9.542833333 0.287848714 II 1 0 0
SPBC119.11c 0 363 1 0 0.454265645 4.2 3271.21 23.99318659 0.0020053 324.5 0 0 1 0 0 1 0 737503 738906 NA 47.43 0.510694686 II 1 0 0
SPBC119.13c 0 518 1 0 0.45693456 3.1 NA 20.70547447 0.0028128 609.1 0 0 0 0 0 1 0 741836 743917 NA 48.35166667 0.530275952 II 1 0 0
SPBC1198.04c 8 897 1 0 0.109312192 1.1 567.05 33.52301566 0.0039191 NA 0 0 0 0 0 1 0 177469 180735 NA 17.915 0.554228409 II 1 0 0
SPBC1198.13c 2 307 1 0 0.119517883 3 3533.66 27.59024843 0.0014219 550.5 0 0 1 0 0 1 0 194038 197189 NA 55.18833333 0.545102041 II 1 0 0
SPBC11B10.10c 0 139 1 0 0.925283307 3.9 NA 33.46936253 0.0020707 287.9 0 1 0 0 0 1 0 1502203 1503468 0.84228764 68.01666667 0.296195283 II 0 0 0
SPBC11C11.08 2 275 1 0 0.403007169 24 20544.73 47.22586496 0.0031736 807.3 0 0 0 0 0 1 0 3362789 3364515 1.109764016 682.9 0.265683867 II 0 0 0
SPBC11C11.10 1 407 1 0 0.402096082 4.1 2946.18 37.92947998 0.0035781 803.8 0 0 0 0 0 1 0 3365690 3367172 1.083306778 93.425 0.488585039 II 0 0 0
SPBC11G11.05 0 251 1 0 0.951611941 8 9824.12 61.05493608 0.0023172 886 0 0 0 0 0 1 0 1763709 1764620 0.912959819 202.2166667 0.462468912 II 0 0 0
SPBC1289.11 5 340 1 0 0.045920547 1.6 5767.97 33.21904886 0.0017124 652.4 0 0 0 0 0 1 0 4404292 4405886 1.083123012 38.545 0.441334761 II 0 0 0
SPBC13E7.02 0 533 1 0 0.513075138 1 1009.23 15.29818909 0.0013686 NA 0 0 0 0 0 1 0 3041445 3043524 NA 17.44666667 0.34759136 II 1 0 0
SPBC13E7.08c 1 429 1 0 0.5090416 5.2 3471.47 31.20283576 0.003749 670 0 0 0 0 0 1 0 3052520 3055287 0.952404922 100.2133333 0.305253682 II 0 0 0
SPBC13E7.10c 3 492 1 0 0.507899398 0.93 278.92 19.76093958 0.0011656 NA 0 0 0 0 0 1 0 3056037 3058618 NA 16.575 0.548370306 II 1 0 0
SPBC13G1.08c 0 652 1 0 0.273770376 4.2 5888.9 43.13939972 0.0011184 1536.5 0 0 0 0 0 1 0 3738915 3741408 0.839171881 62.825 0.541947043 II 0 0 0
SPBC13G1.09 1 449 1 0 0.272850031 3.8 6041.96 20.58364864 0.0035685 1553.6 0 0 0 0 0 1 0 3742371 3744092 NA 77.40666667 0.642281861 II 1 0 0
SPBC146.06c 0 703 1 0 0.622324771 0.74 NA 17.29752604 0.0024931 NA 0 0 1 0 0 1 0 1010348 1013231 1.095501499 11.27516667 0.370607103 II 0 0 0
SPBC146.07 0 517 1 0 0.624114725 5 4638.75 24.04785682 0.0022546 661.8 0 0 0 0 0 1 0 1013254 1015179 NA 112.5883333 0.470892716 II 1 0 0
SPBC146.09c 0 1000 1 0 0.625766705 2 502.87 24.58049598 0.0024793 498.3 0 0 0 0 0 1 0 1015936 1019224 1.091580451 31.65333333 0.474573369 II 0 0 0
SPBC14F5.08 1 376 1 0 0.124821263 1.4 4276.39 24.20074576 0.0030978 587.9 0 0 0 0 0 1 0 4172385 4175788 NA 29.59166667 0.531701164 II 1 0 0
SPBC1539.02 0 386 1 0 0.058954195 1.3 NA 22.77269282 0.0056583 799.6 0 0 0 0 0 1 0 4363863 4367876 1.035975493 26.32666667 0.425555713 II 0 0 0
SPBC15D4.01c 2 633 1 0 0.525311542 1.2 2656.33 20.23215108 0.0013816 700.3 0 0 0 0 0 1 0 3005478 3007839 1.10279348 23.2 0.525887865 II 0 0 0
SPBC15D4.02 0 547 1 0 0.522828943 3.9 1765.92 21.92352214 0.0031283 NA 0 0 0 0 0 1 0 3011491 3015079 NA 30.69666667 0.333916163 II 0 0 0
SPBC1683.13c 3 618 1 0 0.104814519 1.2 NA 18.01476966 0.0018867 NA 0 0 0 0 0 1 0 170167 172271 1.092055638 18.11833333 0.496635135 II 0 0 0
SPBC1685.08 2 424 1 0 0.316689313 1.8 1672.38 32.07401008 0.0037784 283.2 0 0 0 0 0 1 0 514147 515953 1.044587526 30.91833333 0.623915254 II 0 0 0
SPBC16A3.11 0 872 1 0 0.089204875 1.5 NA 28.05808285 0.0037001 NA 0 0 1 0 0 1 0 4276864 4279656 NA 28.415 0.513077449 II 1 0 0
SPBC16A3.19 2 272 1 0 0.095435034 1.5 581.01 26.16477617 0 NA 0 1 0 0 0 1 0 4259812 4261487 0.932239226 34.46666667 0.057625624 II 0 0 0
SPBC16C6.04 0 350 1 0 0.070133093 1.1 NA 19.7893091 0.0029114 NA 0 0 0 0 0 1 0 4334043 4335275 0.988915378 22.84 0.208763321 II 0 0 0
SPBC16C6.12c 0 470 1 0 0.063669762 2.2 1872.89 29.14032433 0.0015497 555.5 0 0 1 1 0 1 0 4352543 4354124 NA 41.65833333 0.535062976 II 1 0 0
SPBC16D10.07c 5 475 1 0 0.318193134 1.5 581.54 42.29793537 0.0006134 839.4 0 0 0 0 0 1 0 3609217 3611858 1.223997056 30.72166667 0.354472172 II 0 0 0
SPBC16E9.01c 0 295 1 0 0.89936968 4.5 1054.32 27.50847566 0.0034524 82.3 0 0 1 0 0 1 0 1915375 1916974 NA 62.48333333 0.308796429 II 0 0 0
SPBC16E9.10c 3 779 1 0 0.893352463 1.9 2666.05 27.48422244 0.0022459 797.7 0 0 0 0 0 1 0 1931810 1934522 NA 29.65 0.673521972 II 1 0 0
SPBC16E9.12c 3 166 1 0 0.891189789 7.8 5829.92 33.95800549 0.0017483 1015.1 0 0 1 0 0 1 0 1939371 1940829 0.974441286 195.8666667 0.368700342 II 0 0 0
SPBC16G5.03 0 268 1 0 0.109765532 0.64 NA 22.44543681 0.0032562 NA 0 1 1 0 0 1 0 4218442 4219695 1.094830912 14.22666667 0.188336207 II 0 0 0
SPBC16G5.15c 1 642 1 0 0.101869562 2 1148.8 20.08599651 0.0020433 1836.9 0 0 0 0 0 1 0 4239333 4242722 0.936769056 28.66666667 0.352824232 II 0 0 0
SPBC16G5.17 0 560 1 0 0.099465487 1.1 NA 22.71074694 0.0020818 NA 0 0 1 0 0 1 0 4247630 4249733 1.110334854 25.41666667 0.035755448 II 0 0 0
SPBC16H5.03c 3 628 1 0 0.768975941 1.9 1433.79 50.04414827 0.0027851 614.7 0 0 0 0 0 1 0 2294913 2297241 0.300539768 32.91833333 0.391491379 II 0 0 0
SPBC16H5.10c 0 735 1 0 0.774120134 5.8 16262.98 26.82247134 0.0019835 981.8 0 0 0 0 0 1 0 2279697 2282239 NA 100.4933333 0.289111511 II 1 0 0
SPBC1709.06 2 479 1 0 0.682852419 1.5 1033.18 40.59243207 0.0024331 588.6 0 0 0 0 0 1 0 1108615 1110598 1.028845001 34.785 0.440545225 II 0 0 0
SPBC1709.15c 1 797 1 0 0.694764294 2.7 2726.14 33.09804115 0.0025611 83.3 0 0 0 0 0 1 0 1127954 1130425 NA 49.08666667 0.667958565 II 1 0 0
SPBC1711.02 0 181 1 0 0.825159157 1.2 NA NA 0 NA 0 0 1 0 0 1 0 NA NA NA NA 0.555343434 II 0 0 0
SPBC1711.17 0 1173 1 0 0.812629916 1.3 213.87 17.57577414 0.0012435 569.1 0 0 0 0 0 1 0 2166108 2169933 NA 15.01666667 0.361567035 II 1 0 0
SPBC1718.01 0 775 1 0 0.366189944 1.3 NA 21.28455333 0.001505 NA 0 0 0 0 0 1 0 3469096 3471885 0.202658529 22.76333333 0.331387047 II 0 0 0
SPBC1734.05c 1 209 1 0 0.658427502 1.7 3617.48 36.76402197 0.0006952 328.1 0 0 0 0 0 1 0 1068961 1070077 0.896725593 32.20666667 0.452525796 II 0 0 0
SPBC1773.16c 1 595 1 0 0.195683909 0.54 NA 13.57713977 0.0029393 NA 0 0 1 0 0 1 0 317694 320922 1.094929929 7.0135 0 II 0 0 0
SPBC1778.02 2 693 1 0 0.493470146 1.1 249.16 20.78677079 0.0054692 575.7 0 0 0 0 0 1 0 3098295 3100698 0.99550773 16.24333333 0.229399029 II 0 0 0
SPBC17D1.07c 7 949 1 0 0.409596344 0.21 NA 22.86044331 0.0018274 NA 0 0 1 0 0 1 0 3340660 3345299 1.097882741 4.718833333 0.04049075 II 0 0 0
SPBC17G9.05 0 432 1 0 0.809366875 1.9 NA 27.24467165 0.0037086 NA 0 0 1 0 0 1 0 2177733 2179449 1.118115446 27.14333333 0.545804185 II 1 0 0
SPBC1861.02 0 527 1 0 0.139275547 1.3 NA 21.05275996 0.0027649 354.3 0 0 1 0 0 1 0 4130876 4133635 1.085218363 46.00666667 0.345587985 II 0 0 0
SPBC1861.04c 2 1014 1 0 0.137184197 1.2 4942.11 28.12519851 0.0038834 1207.4 0 0 0 0 0 1 0 4135960 4139734 NA 20.875 0.429240377 II 1 0 0
SPBC18H10.10c 2 299 1 0 0.943197506 0.34 797.46 16.16176863 0.0039589 NA 0 0 0 0 0 1 0 1786609 1789159 1.086672688 6.605833333 0.476352261 II 0 0 0
SPBC18H10.15 1 398 1 0 0.940618894 1.6 669.74 35.38401428 0.002927 2074.8 0 0 1 0 0 1 0 1794843 1796679 1.01381107 31.12333333 0.450262656 II 0 0 0
SPBC19C2.13c 0 366 1 0 0.973042535 1.1 5534.11 21.71940689 0.0031822 954.6 0 0 0 0 0 1 0 1700751 1702122 1.112693933 12.37816667 0.486641093 II 0 0 0
SPBC19C2.14 3 97 1 0 0.972823765 4.7 6835.89 85.34040697 0.0029793 NA 0 0 0 0 0 1 0 1700904 1702760 0.730886375 174.1333333 0.54749375 II 0 0 0
SPBC19C7.09c 0 599 1 0 0.582608499 1.5 NA 19.72664914 0.0046229 NA 0 1 0 0 0 1 0 2837572 2840744 1.195083923 30.50833333 0.206670626 II 0 0 0
SPBC19C7.10 5 432 1 0 0.581891837 6.3 4466.81 41.71889503 0.0033715 813.3 0 0 0 0 0 1 0 2840823 2842834 1.020479717 152.8333333 0.354303284 II 0 0 0
SPBC19F5.02c 0 710 1 0 0.285808926 3.7 2920.22 22.21492307 0.0014373 757.4 0 0 1 0 0 1 0 3703456 3706300 NA 74.15666667 0.503784399 II 1 0 0
SPBC19G7.04 2 362 1 0 0.750548126 0.86 NA 36.30756794 0.0028177 NA 0 0 0 0 0 1 0 2349142 2350982 1.158814189 17.075 0.375071384 II 0 0 0
SPBC19G7.13 0 485 1 0 0.741792505 1.7 NA 19.68754204 0.0021027 NA 0 0 0 0 0 1 0 2373930 2376516 NA 29.515 0.604165622 II 1 0 0
SPBC1A4.09 0 680 1 0 0.871264528 3.2 9310.6 29.93167836 0.0021437 952.1 0 0 0 0 0 1 0 1993791 1998937 NA 60.01166667 0.52885086 II 0 0 0
SPBC1D7.04 0 199 1 0 0.958408914 30 27161.11 61.66794746 0 982.3 0 0 1 0 0 1 0 1743968 1744798 0.449616544 921.2833333 0.598945083 II 0 0 0
SPBC20F10.05 2 972 1 0 0.427150449 0.78 NA 24.2580883 0.0028507 1173.5 0 0 0 0 0 1 0 3290696 3294106 0.974526377 15.24333333 0.10922074 II 0 0 0
SPBC20F10.09 3 80 1 0 0.424397301 3.7 4242.72 NA 0 835.9 0 0 0 0 0 1 0 3301282 3302135 NA 177.1833333 0.35656625 II 1 0 0
SPBC21.01 2 441 1 0 0.453954294 0.73 NA 25.54897413 0.0036331 NA 0 0 0 0 0 1 0 3214158 3215938 NA 16.525 0.191974297 II 1 0 0
SPBC21.03c 5 239 1 0 0.452782946 1.5 NA 39.89564109 0.001713 802.3 0 0 0 0 0 1 0 3215872 3219354 0.947429289 36.26666667 0.335266193 II 0 0 0
SPBC215.07c 0 568 1 0 0.170948579 3.7 3195.8 34.9431904 0.0038485 901.3 0 0 0 0 0 1 0 4039174 4041267 1.048635732 55.99333333 0.310659471 II 0 0 0
SPBC216.01c 1 836 1 0 0.550889248 2.1 801.58 21.47891387 0.0031395 604.1 0 0 0 0 0 1 0 894372 897437 1.147767253 35.89666667 0.47132277 II 0 0 0
SPBC216.06c 1 971 1 0 0.558895378 1.5 389.16 28.62975855 0.0019525 562.7 0 0 1 0 0 1 0 907370 914892 1.022955116 23.96 0.537058485 II 0 0 0
SPBC21B10.13c 0 201 1 0 0.990864788 2.7 NA 30.5196079 0.0021681 319.7 0 0 0 0 0 1 0 1648153 1650147 0.873373289 60.71833333 0.331331906 II 0 0 0
SPBC21C3.02c 0 491 1 0 0.253295102 2 684.8 18.62097356 0.0044508 570.4 0 0 0 0 0 1 0 3799185 3801120 0.817118832 31.695 0.207381703 II 0 0 0
SPBC21D10.10 0 299 1 0 0.724967064 4.3 NA 32.32689227 0.0014599 803.4 0 0 0 0 0 1 0 2424415 2425584 1.069711953 96.645 0.380879675 II 0 0 0
SPBC23E6.02 0 1040 1 0 0.238555525 1.1 NA 21.62233086 0.0030852 NA 0 0 1 0 0 1 0 3839329 3844105 1.008172857 19.85666667 0.363989511 II 0 0 0
SPBC23E6.07c 3 934 1 0 0.234438662 3 3262.17 28.70657223 0.0024981 841.9 0 0 0 0 0 1 0 3852657 3856111 NA 46.14166667 0.485801077 II 1 0 0
SPBC23G7.11 0 213 1 0 0.829391921 0.082 NA NA 0.0054574 NA 0 0 0 0 0 1 0 2120231 2121050 1.094839796 0.900583333 0.440402536 II 0 0 0
SPBC23G7.12c 1 403 1 0 0.828786016 8.2 20563.61 35.47696586 0.0014454 670.9 0 0 0 1 0 1 0 2121444 2122817 1.024617702 161.45 0.786164596 II 1 1 0
SPBC25B2.08 0 125 1 0 0.660730488 2.2 3812.59 27.67838885 0 NA 0 0 1 1 0 1 0 2611366 2612917 1.039558163 27.70166667 0.027119306 II 0 0 0
SPBC25D12.05 0 548 1 0 0.279349367 2.8 10185.03 32.58941758 0.0026591 729 0 1 0 0 0 1 0 3723013 3725138 1.072591748 58.80166667 0.554220723 II 0 0 0
SPBC25H2.11c 8 992 1 0 0.436487972 2 3266.67 27.28080527 0.002696 808.1 0 0 0 0 0 1 0 3263083 3266875 0.338839525 37.09833333 0.454956477 II 0 0 0
SPBC26H8.09c 0 515 1 0 0.195188215 1.2 1109.5 21.83242625 0.0035727 548 0 0 0 0 0 1 0 3968299 3970577 1.016502284 30.93166667 0.14787553 II 0 0 0
SPBC26H8.10 1 970 1 0 0.193939714 5.2 6514.75 34.23853628 0.0016538 NA 0 0 0 0 0 1 0 3970898 3974218 NA 92.29333333 0.584227133 II 1 0 0
SPBC28F2.04c 1 187 1 0 0.971605279 2.8 6141.16 38.96185479 0.0023296 605 0 0 0 0 0 1 0 1577407 1578049 NA 84.48 0.450005405 II 1 0 0
SPBC28F2.10c 0 551 1 0 0.977262788 3.8 332.33 26.65348428 0.0031736 633.5 0 0 1 0 0 1 0 1586592 1588443 0.930048091 79.30666667 0.444357047 II 0 0 0
SPBC29A10.03c 0 544 1 0 0.685698101 2.9 NA 29.70771611 0.0024108 429 0 0 0 0 0 1 0 2538128 2540104 1.047451515 40.6 0.394161423 II 0 0 0
SPBC29A10.05 0 571 1 0 0.683000503 2.9 NA 26.83830152 0.002297 NA 0 0 1 0 0 1 0 2545502 2547971 1.015638237 44.64666667 0.550496337 II 0 0 0
SPBC29A10.10c 0 1944 1 0 0.677775042 1.9 102.04 35.97289305 0.0012797 349.9 0 0 0 0 0 1 0 2557150 2563210 1.184976605 22.70166667 0.409490324 II 0 0 0
SPBC29A10.14 4 561 1 0 0.675106248 0.14 NA 11.28640116 0.0033769 NA 0 0 1 0 0 1 0 2568893 2570993 1.050792636 1.588833333 0.576871941 II 0 0 0
SPBC29A10.15 1 707 1 0 0.674254483 1.6 554.73 33.92155147 0.0020619 NA 0 0 1 0 0 1 0 2571077 2573477 NA 31.14166667 0.541694677 II 1 0 0
SPBC29A3.13 0 359 1 0 0.849498577 0.68 NA 32.1546163 0.0024331 NA 0 0 1 0 0 1 0 2059635 2062413 1.058800501 15.76 0.396466526 II 0 0 0
SPBC29A3.14c 15 988 1 0 0.848212014 0.66 NA 31.13568698 0.0019215 NA 0 0 0 0 0 1 0 2062472 2066165 1.03814891 17.875 0.389842574 II 0 0 0
SPBC29B5.01 1 566 1 0 0.952379603 5 3577.25 24.68636717 0.0018023 NA 0 0 1 0 0 1 0 1546194 1549862 NA 67.73666667 0.335374572 II 0 0 0
SPBC2A9.04c 0 741 1 0 0.543260325 5.7 1793.79 24.8380732 0.0029512 NA 0 0 0 0 0 1 0 2952595 2955495 1.131371816 75.18 0.27683736 II 0 0 0
SPBC2A9.07c 3 246 1 0 0.54158217 2.2 1328.87 46.36836386 0.0044746 3139 0 1 0 0 0 1 0 2958679 2960389 1.075762641 48.08 0.26515739 II 0 0 0
SPBC2D10.06 0 472 1 0 0.535255999 0.37 NA 16.71667496 0.0018518 NA 0 0 0 0 0 1 0 2976695 2978838 1.115327455 3.4825 0.034259494 II 0 0 0
SPBC2D10.13 1 490 1 0 0.531333903 0.49 NA 20.23891697 0.0018389 NA 0 0 0 0 0 1 0 2988592 2990276 0.772843802 11.8195 0.163647572 II 0 0 0
SPBC2D10.17 0 1238 1 0 0.527610004 0.91 NA 22.44736855 0.0017674 NA 0 0 1 0 0 1 0 2997081 3001136 1.116579977 11.96133333 0.127062371 II 0 0 0
SPBC2F12.08c 0 402 1 0 0.964702853 0.51 301.55 18.46119985 0 527.7 0 0 0 0 0 1 0 1724847 1726443 NA 8.9615 0.244321397 II 1 0 0
SPBC2F12.11c 0 219 1 0 0.967144647 4.5 NA 43.895606 0.0013271 NA 0 0 0 0 0 1 0 1717715 1719322 0.643648264 87.595 0.163819795 II 0 0 0
SPBC2F12.12c 4 517 1 0 0.968647923 1 614.18 29.07963573 0.0025496 NA 0 1 0 0 0 1 0 1712841 1714938 0.582402689 19.65166667 0.352459755 II 0 0 0
SPBC2G5.02c 0 254 1 0 0.671966994 2.6 3868.69 23.64817972 0 620.3 0 0 1 0 0 1 0 2577791 2580148 1.020814884 39.05333333 0.267944 II 0 0 0
SPBC30B4.04c 0 865 1 0 0.806324091 4 1351.43 32.33875991 0.0011814 NA 0 0 1 0 0 1 0 1309072 1311834 1.084973374 52.375 0.351809642 II 0 0 0
SPBC30D10.15 0 516 1 0 0.504832497 1.7 12192.58 23.75432468 0.0031061 397.4 0 0 0 1 0 1 0 3065905 3067562 NA 31.31333333 0.358900698 II 1 0 0
SPBC31F10.11c 0 674 1 0 0.26287197 2.4 3584.76 22.08954029 0.002379 307.9 0 0 0 0 0 1 0 3770856 3773191 NA 57.39166667 0.62562367 II 1 0 0
SPBC31F10.14c 0 1630 1 0 0.259344553 2.3 1189.9 31.35814171 0.0018796 NA 0 0 0 0 0 1 0 3777660 3783478 0.9472723 31.67 0.399652579 II 0 0 0
SPBC31F10.17c 1 135 1 0 0.257473345 2 NA 45.54940784 0.0010734 NA 0 0 0 0 0 1 0 3787745 3788935 1.04960957 55.485 0.201981132 II 0 0 0
SPBC32F12.09 0 230 1 0 0.595922296 2.7 NA 16.6256115 0.0037918 NA 0 0 0 0 0 1 0 2799685 2801917 1.073222812 51.69333333 0.081061362 II 0 0 0
SPBC32H8.02c 0 415 1 0 0.893948652 4.6 421.77 15.10593988 0.0014037 NA 0 0 0 0 0 1 0 1451331 1454730 1.081473165 7.056833333 0.207877222 II 0 0 0
SPBC32H8.10 2 591 1 0 0.905763822 4.2 5148.28 20.54096196 0.0019728 546.6 0 0 0 0 0 1 0 1470513 1473182 NA 67.18166667 0.291879808 II 1 0 0
SPBC32H8.11 0 517 1 0 0.907372686 0.31 NA 14.27165056 0.001691 NA 0 0 0 0 0 1 0 1473125 1475285 1.03710605 1.7442 0.163293401 II 0 0 0
SPBC336.04 1 1086 1 0 0.614206093 2.2 1185.99 29.14404166 0.0037604 358.7 0 0 0 0 0 1 0 2743619 2748596 NA 36.56333333 0.567671963 II 1 0 0
SPBC336.07 0 1339 1 0 0.611954951 1.2 NA 23.0122967 0.0041399 NA 0 0 1 1 0 1 0 2750876 2755161 NA 11.2585 0.478842625 II 1 0 0
SPBC336.15 1 1018 1 0 0.605996369 2.2 521.54 25.76730833 0.0025787 NA 0 0 1 0 0 1 0 2769046 2772538 NA 33.62833333 0.376893527 II 1 0 0
SPBC337.06c 1 265 1 0 0.641197507 2.9 10509.29 41.06311069 0.0038514 269 0 0 0 0 0 1 0 1040988 1042032 NA 45.585 0.506445434 II 1 0 0
SPBC337.12 2 376 1 0 0.647707492 2 NA 19.18453626 0.0030896 NA 0 0 1 0 0 1 0 1051557 1053615 NA 52.88166667 0.335625708 II 1 0 0
SPBC337.14 3 135 1 0 0.650154049 9.1 3204.5 62.8577417 0.0010734 573.1 0 1 0 0 0 1 0 1055529 1056502 NA 246.4166667 0.493628362 II 1 0 0
SPBC342.05 0 778 1 0 0.111863397 1.6 NA 24.78291791 0.0022488 NA 0 0 0 0 0 1 0 4210933 4213577 1.088523075 25.86 0.301773064 II 0 0 0
SPBC342.06c 0 369 1 0 0.111450202 0.69 841.54 32.12336302 0.0040969 NA 0 0 0 0 0 1 0 4213486 4214782 1.032339094 13.935 0.45784789 II 0 0 0
SPBC365.05c 0 379 1 0 0.697155435 2.2 871.02 22.70096274 0.0011535 199.2 0 0 0 0 0 1 0 2505270 2506691 NA 46.09333333 0.519891255 II 1 0 0
SPBC365.06 3 117 1 0 0.695931623 6 29295.21 54.15735679 0.0012372 632.7 0 0 1 0 0 1 0 2506815 2510260 0.329291767 202.8166667 0.333777132 II 0 0 0
SPBC365.13c 1 399 1 0 0.692205666 2.9 7535.05 24.50539607 0.0014599 670 0 0 0 0 0 1 0 2518726 2521126 1.071710112 45.57833333 0.205213666 II 0 0 0
SPBC36B7.04 0 399 1 0 0.736826963 1.7 1685.7 39.2630213 0.0025547 NA 0 1 0 0 0 1 0 2389462 2390997 1.114028348 36.55 0.596863004 II 0 0 0
SPBC3B9.02c 0 381 1 0 0.187492842 1.7 NA 25.42111369 0.0030573 NA 0 0 0 0 0 1 0 3991612 3993019 NA 41.25833333 0.248553257 II 1 0 0
SPBC3D6.04c 1 676 1 0 0.785238244 1 832.08 23.20157891 0.0019042 567 0 0 1 0 0 1 0 1274839 1277059 0.829320906 19.37166667 0.467557084 II 0 0 0
SPBC3E7.08c 0 1112 1 0 0.638825319 1.2 NA 24.19370564 0.0028856 979.7 0 0 0 0 0 1 0 2672990 2676799 1.076756191 20.08666667 0.455485951 II 0 0 0
SPBC4.02c 3 437 1 0 0.730195022 3.1 1738.56 30.28668407 0.0019998 1374.8 0 0 0 0 0 1 0 1185476 1187542 1.0714835 66.62666667 0.426818578 II 0 0 0
SPBC409.09c 0 329 1 0 0.710994601 1.4 167.52 17.19831193 0.0039814 NA 0 0 0 0 0 1 0 1154304 1155626 NA 21.43166667 0.437357988 II 1 0 0
SPBC409.12c 2 325 1 0 0.715417744 0.48 NA 24.46858615 0.0031802 NA 0 0 0 0 0 1 1 1161485 1163251 NA 9.562333333 0.103639535 II 1 0 0
SPBC428.06c 4 240 1 0 0.277810492 1.4 NA 26.47504668 0.0024031 496.5 0 0 0 0 0 1 0 451027 453062 0.755367818 32.22166667 0.583602062 II 0 0 0
SPBC428.08c 0 490 1 0 0.27963925 1.2 NA 11.77797704 0.0041625 NA 0 0 1 0 0 1 0 453996 458487 0.904852646 8.997833333 0.577254943 II 0 0 0
SPBC428.17c 2 602 1 0 0.292314288 1.1 NA 22.78069432 0.002421 NA 0 1 0 0 0 1 0 474574 476783 1.048355505 22.87333333 0.5075 II 0 0 0
SPBC428.18 0 444 1 0 0.293924999 1.3 NA 21.35157689 0.0039367 NA 0 1 0 0 0 1 0 477189 478738 NA 24.20166667 0.537178 II 1 0 0
SPBC4B4.03 2 803 1 0 0.384429506 3.4 2766.6 30.46058926 0.0036315 638.3 0 0 1 0 0 1 0 3416010 3418693 0.974651513 53.75333333 0.482713487 II 0 0 0
SPBC530.11c 2 819 1 0 0.501616871 5.4 1120.43 23.86394942 0.0030265 NA 0 0 0 0 0 1 0 814378 819357 1.062081999 34.16666667 0.172096972 II 0 0 0
SPBC530.14c 0 544 1 0 0.508039391 2.1 1590.17 20.2213996 0.001875 635.2 0 0 0 0 0 1 0 824805 827995 1.028194642 34.49333333 0.427792874 II 0 1 0
SPBC557.03c 2 539 1 0 0.702494052 6.1 17079.54 54.84008216 0.000811 889.6 0 0 0 0 0 1 0 2489019 2491122 NA 130.4166667 0.502968769 II 1 0 0
SPBC56F2.01 1 440 1 0 0.141969374 1.1 NA 22.88015824 0.0029793 NA 0 0 0 0 0 1 0 4123985 4125779 NA 30.20833333 0.247610909 II 0 0 0
SPBC56F2.05c 0 397 1 0 0.14638456 1.6 NA 43.18136836 0.0011004 NA 0 0 1 0 0 1 0 4109970 4112903 0.9674638 8.653333333 0.194043779 II 0 0 0
SPBC577.07 2 502 1 0 0.47091911 0.76 100 28.25865987 0.0020316 NA 0 0 0 0 0 1 0 764540 766395 NA 12.44333333 0.581235433 II 1 0 0
SPBC577.15c 0 396 1 0 0.480810665 1.8 5105.63 41.93303736 0.0029418 782.7 0 0 0 0 0 1 0 780599 782579 NA 35.065 0.309363739 II 0 0 0
SPBC582.03 1 482 1 0 0.258746195 12 3618.29 20.12203384 0.0006045 93.8 0 0 1 0 0 1 0 420076 423276 NA 198.6166667 0.491542488 II 1 0 0
SPBC582.05c 2 878 1 0 0.26249364 1.3 NA 22.75425031 0.0038199 46.4 0 0 0 0 0 1 0 426160 429013 0.908544626 21.45666667 0.525733511 II 0 0 0
SPBC646.04 3 566 1 0 0.572124156 3.5 4078.31 36.62937027 0.0015448 643.1 0 0 0 0 0 1 0 928847 931046 NA 72.66833333 0.66456992 II 1 0 0
SPBC646.14c 2 455 1 0 0.586590995 0.6 608.22 28.60878634 0.0016007 NA 0 0 0 0 0 1 0 952334 954505 NA 16.88166667 0.397656643 II 1 0 0
SPBC651.09c 2 560 1 0 0.773259846 5.4 1951.27 24.12201049 0.0033829 470.7 0 0 0 0 0 1 0 1255392 1257425 0.728187871 90.48333333 0.541199576 II 0 0 0
SPBC651.12c 0 273 1 0 0.776661127 1 NA 27.66745253 0.0042623 NA 0 0 0 0 0 1 0 1260914 1262364 1.113820287 18.42666667 0.012293495 II 0 0 0
SPBC660.15 4 474 1 0 0.138155942 4.5 4886.88 21.19231647 0.0015367 617.3 0 0 0 0 0 1 0 224297 228689 NA 65.41166667 0.709976454 II 1 0 0
SPBC6B1.07 0 906 1 0 0.64976453 2.1 560.43 29.26295109 0.0025753 562.2 0 0 0 0 0 1 0 2641904 2644897 NA 37.695 0.679974269 II 1 0 0
SPBC6B1.09c 6 613 1 0 0.647661864 0.63 1567.05 26.93284549 0.0033287 NA 0 0 0 0 0 1 0 2648577 2651029 0.572438722 15.06833333 0.198856988 II 0 0 0
SPBC6B1.10 5 558 1 0 0.644793159 1.9 6957.82 30.04349867 0.0018281 633.5 0 0 0 0 0 1 0 2651044 2659395 1.076172787 46.79833333 0.465788387 II 1 0 0
SPBC713.06 0 774 1 0 0.540436561 0.65 NA 19.82001814 0.0037674 NA 0 0 1 0 0 1 0 877402 882319 1.018097479 7.862333333 0.41126424 II 0 0 0
SPBC725.08 3 609 1 0 0.751065903 4.8 11911.43 39.02584994 0.0021539 573.4 0 0 0 0 0 1 0 1219360 1221590 NA 103.3116667 0.450667991 II 1 0 0
SPBC725.11c 0 334 1 0 0.754504757 2.4 NA 21.27849835 0.0030504 304.9 0 0 0 0 0 1 0 1224943 1227026 0.969639555 19.50333333 0.329545401 II 1 0 0
SPBC725.12 2 141 1 0 0.756241123 0.54 NA 24.84042963 0.0010281 271 0 0 0 0 0 1 0 1227762 1228307 1.062609016 9.5995 0.503852321 II 0 0 0
SPBC725.16 1 637 1 0 0.759213702 2.5 505.43 25.00947247 0.0022882 NA 0 0 1 0 0 1 0 1232588 1235587 NA 40.70333333 0.317883247 II 1 0 0
SPBC776.12c 2 507 1 0 0.459682447 1.1 NA 20.98532763 0.0020116 581.7 0 0 0 0 0 1 0 3197060 3199233 NA 22.53166667 0.409881843 II 1 0 0
SPBC800.03 0 687 1 0 0.156891936 2.3 3058.34 22.63948604 0.0016975 727.6 0 0 0 0 0 1 0 254715 257138 1.145963015 43.36833333 0.663329545 II 0 0 0
SPBC800.08 1 462 1 0 0.163414856 2.4 4938.44 44.87256649 0.0037836 751.2 0 0 0 0 0 1 0 265305 267229 0.872617476 53.14833333 0.583337744 II 0 0 0
SPBC800.13 0 479 1 0 0.172048024 0.7 NA 22.60927281 0.004562 NA 0 0 0 0 0 1 0 279321 281247 NA 10.56483333 0.560016717 II 1 0 0
SPBC83.09c 1 408 1 0 0.939680543 1.2 NA 46.25538553 0.0017847 NA 0 0 0 0 0 1 0 1525577 1527155 1.061805441 19.53666667 0.368419569 II 0 0 0
SPBC83.15 4 387 1 0 0.946595208 4.1 9437.52 38.86038917 0.0022575 1468.5 0 0 0 0 0 1 0 1536803 1538567 NA 115.375 0.414496454 II 1 0 0
SPBC83.19c 0 119 1 0 0.949458764 0.059 NA NA 0 NA 0 1 0 0 0 1 0 1541452 1541903 1.086557604 0.057125 0.062571111 II 0 0 0
SPBC887.05c 1 217 1 0 0.339434104 4.8 NA 29.60469992 0.0040179 474.9 0 0 0 0 0 1 0 3548811 3549913 0.962229221 128.48 0.368287398 II 0 0 0
SPBC887.11 1 451 1 0 0.335593962 0.71 NA 23.44602607 0.0022743 564.6 0 0 0 0 0 1 0 3559270 3561112 1.026084831 13.14333333 0.38598752 II 0 0 0
SPBC887.14c 1 805 1 0 0.332355953 1.9 693.35 27.69702782 0.0032602 432.9 0 1 0 0 0 1 0 3567593 3570555 NA 36.795 0.522812015 II 1 0 0
SPBC887.18c 3 339 1 0 0.329205383 1.7 961.67 19.08405586 0.0017175 NA 0 1 0 0 0 1 0 3578033 3579743 0.245461211 32.03666667 0.40606955 II 0 0 0
SPBC8D2.03c 0 103 1 0 0.840273458 16 72370.78 34.78636132 0.0014037 NA 0 0 0 0 0 1 0 1364189 1365043 0.955898638 396.1 0.568218018 II 0 0 0
SPBC8D2.04 0 136 1 0 0.840798248 43 7504.01 31.29181159 0.0031968 NA 0 0 0 0 0 1 0 1365041 1365818 1.085892448 943.4 0.632055901 II 0 0 0
SPBC902.04 3 589 1 0 0.301706923 3.7 2721.47 34.12306138 0.0034641 879.9 0 0 1 0 0 1 0 489823 492221 1.039740413 74.31166667 0.588712241 II 0 0 0
SPBC947.01 2 660 1 0 0.418786872 5.6 5513.63 26.2460686 0.0006626 515.4 0 0 0 0 0 1 0 679903 682675 0.998309454 60.64 0.462703343 II 0 0 0
SPBC947.08c 0 338 1 0 0.405680053 2.7 NA 22.01610067 0.0021532 NA 0 0 0 0 0 1 0 658624 660231 0.782563269 45.58666667 0.213306529 II 0 0 0
SPBC9B6.05c 4 93 1 0 0.931677764 4.7 9105.28 63.41280409 0 443.4 0 0 0 0 0 1 0 1821460 1822754 NA 178.35 0.324107174 II 1 0 0
SPBP16F5.02 2 322 1 0 0.907107573 1.7 NA 29.8421666 0.0031638 NA 0 0 0 0 0 1 0 1892961 1894408 NA 31.84833333 0.467699683 II 1 0 0
SPBP19A11.06 0 1513 1 0 0.573121471 2 472.15 19.76179591 0.0022236 NA 0 0 0 0 0 1 0 2863784 2868411 NA 24.88833333 0.489165279 II 1 0 0
SPBP22H7.05c 0 1201 1 0 0.886071256 1 NA 24.795011 0.002429 NA 0 0 1 0 0 1 0 1438542 1442780 1.08513136 15.43833333 0.394108896 II 0 0 0
SPBP22H7.07 0 473 1 0 0.890678568 3.7 5267.23 26.16340098 0.0012319 473.8 0 0 0 0 0 1 0 1446022 1447735 NA 84.245 0.662197861 II 1 0 0
SPBP22H7.09c 2 409 1 0 0.892398919 1.3 NA 32.69671977 0.0024924 NA 0 0 1 0 0 1 0 1448815 1450155 NA 22.53666667 0.403699694 II 1 0 0
SPBP23A10.13 0 972 1 0 0.86106701 1.9 NA 24.56397372 0.0022505 NA 0 0 1 0 0 1 0 2025363 2028676 NA 30.01166667 0.284651626 II 1 0 0
SPBP35G2.10 0 1418 1 0 0.604829302 0.72 NA 19.07000177 0.0038335 NA 0 0 1 0 0 1 0 981944 986422 1.048177255 5.952333333 0.346742028 II 0 0 0
SPBP4H10.09 0 428 1 0 0.565725793 0.36 NA NA 0.0030626 NA 0 0 1 0 0 1 0 2888450 2889979 1.095961417 0.379306667 0.15367345 II 0 0 0
SPBP8B7.05c 0 328 1 0 0.307486752 28 49162.56 29.35870112 0 1569 0 0 0 0 0 1 0 3640904 3643081 0.942623585 462.3833333 0.293727175 II 1 0 0
SPBP8B7.15c 1 482 1 0 0.300794363 3.3 957.15 29.59800762 0.002418 180 0 0 0 0 0 1 0 3659809 3662598 NA 46.26666667 0.388343414 II 1 0 0
SPBP8B7.19 0 1019 1 0 0.296671328 4.8 12870.01 36.92113779 0.0014312 814.4 0 0 1 0 0 1 0 3671316 3674622 NA 70.88833333 0.685356838 II 1 0 0
SPBP8B7.20c 0 608 1 0 0.295967696 11 9776.77 26.53842599 0.0023971 1015.7 0 0 0 0 0 1 0 3671160 3676674 NA 194.3 0.65907541 II 1 0 0
SPBP8B7.27 1 807 1 0 0.290764181 0.41 NA 17.21053944 0.0034328 NA 0 0 0 0 0 1 0 3688331 3691849 1.028988787 6.114666667 0.402620887 II 0 0 0
SPBPB8B6.04c 2 648 1 0 0.029176979 0.068 NA NA NA NA 0 0 0 0 0 1 0 47369 51220 1.060015402 1.562566667 0.592431818 II 0 0 0
SPCC1020.12c 1 288 1 0 0.684111838 0.74 NA 21.27667293 0.003536 NA 0 0 0 0 0 1 0 755228 756290 1.021019844 10.52766667 0.539060213 III 0 0 0
SPCC11E10.08 0 1040 1 0 0.727222115 1.5 NA 32.22213115 0.0040668 NA 0 0 0 0 0 1 0 1467695 1471912 NA 19.465 0.293581964 III 0 0 0
SPCC1235.07 3 244 1 0 0.172634005 0.41 NA 43.98917455 0.0017876 NA 0 1 0 0 0 1 0 190580 192114 NA 11.85666667 0.582227113 III 1 0 0
SPCC1259.04 1 168 1 0 0.94328568 4 3954.64 44.19713715 0 588.9 0 0 0 0 0 1 0 1041344 1042150 1.008443349 107.3666667 0.32719186 III 0 0 0
SPCC1259.08 0 394 1 0 0.949010557 15 NA 15.65371031 0.0029642 NA 0 0 0 0 0 1 0 1047664 1050064 1.046329317 243.8166667 0.165028215 III 0 0 0
SPCC126.02c 6 607 1 0 0.246998915 1 NA 24.37784425 0.0028813 NA 0 0 0 0 0 1 0 2117095 2119699 1.107488817 16.86833333 0.448549424 III 0 0 0
SPCC126.03 2 534 1 0 0.244826081 3.2 3878.84 35.61467794 0.002183 906.4 0 0 0 0 0 1 0 2120626 2122630 1.077638507 53.79666667 0.483074549 III 0 0 0
SPCC126.04c 1 344 1 0 0.243813425 1.3 NA 28.86348873 0.0025389 NA 0 0 0 0 0 1 0 2122510 2123996 0.969274921 28.075 0.462145619 III 0 0 0
SPCC126.11c 2 183 1 0 0.234234715 4.4 2054.5 67.71543252 0.0063472 789.4 0 0 1 0 1 1 0 2135604 2136917 1.098783598 132.15 0.346386839 III 0 0 0
SPCC126.14 1 343 1 0 0.229317481 1.5 236.25 29.72609713 0.003395 391 0 0 0 0 0 1 0 2140983 2143550 NA 19.54666667 0.466354302 III 1 0 0
SPCC1281.02c 0 311 1 0 0.792736312 1.5 NA 20.31175168 0.0023395 730.3 0 0 0 0 0 1 0 1382055 1383538 NA 27.68333333 0.324735736 III 1 0 0
SPCC1281.05 0 390 1 0 0.78639795 4.1 800.2 21.73157832 0.0014935 3096 0 0 0 0 0 1 0 1388677 1392088 NA 61.36 0.31114685 III 1 0 0
SPCC1322.06 4 983 1 0 0.854237695 1.5 307.3 33.94462817 0.0025221 NA 0 0 0 1 0 1 0 1296627 1300577 1.039120259 19.60333333 0.376689057 III 0 0 0
SPCC1322.11 1 139 1 0 0.845484825 70 NA 104.8963305 0.0010428 NA 0 1 0 0 0 1 0 1311578 1312384 NA 2278.833333 0.692439575 III 1 0 0
SPCC1393.06c 3 413 1 0 0.728728733 2.3 2237 23.09341962 0.0038788 957.5 0 0 1 0 0 1 0 804483 806120 NA 55.18333333 0.521491501 III 1 0 0
SPCC1442.13c 0 187 1 0 0.489840459 1.1 333.01 31.16972922 0.0054356 NA 0 0 1 0 0 1 0 1790811 1792123 1.054489375 17.65333333 0.174819709 III 0 0 0
SPCC1450.02 0 578 1 0 0.534934011 12 5189.31 21.39392448 0.0027735 830.6 0 0 1 0 0 1 0 1728388 1731295 0.978650599 166.8666667 0.350981871 III 0 0 0
SPCC162.01c 0 244 1 0 0.640681607 8.5 NA 32.20531888 0.008342 268.5 0 0 0 0 0 1 0 1587682 1588649 NA 193.05 0.191684555 III 0 0 0
SPCC1620.04c 0 509 1 0 0.223862783 NA NA NA 0.0031487 NA 0 0 0 0 0 1 0 2149317 2150908 1.068632688 0.172866667 0.407153477 III 0 0 0
SPCC1620.13 0 282 1 0 0.207883439 0.61 NA 37.04217157 0.0061902 NA 0 0 0 0 0 1 0 2171337 2172463 1.041140209 11.0115 0.33248847 III 0 0 0
SPCC1672.02c 0 254 1 0 0.508695109 18 51308.45 36.26779619 0.002296 374.2 0 0 1 0 0 1 0 561576 563819 NA 95.48666667 0.736252061 III 1 0 0
SPCC1682.13 0 272 1 0 0.361433538 2.9 NA 40.13966599 0.002139 NA 0 0 0 0 0 1 0 399006 400502 1.057602472 43.09166667 0.675061338 III 0 0 0
SPCC16C4.08c 3 341 1 0 0.611772773 2.4 6676.87 29.33241586 0.0017074 788.6 0 0 0 0 0 1 0 675369 677211 NA 65.16333333 0.608821204 III 1 0 0
SPCC1753.03c 2 339 1 0 0.670023404 0.081 NA NA 0.0022498 NA 0 0 1 0 0 1 0 1547051 1549069 1.111834151 0.099663333 0 III 0 0 0
SPCC1795.03 1 353 1 0 0.899383489 2.7 3149 32.49126861 0.0024743 NA 0 0 1 0 0 1 0 992878 995031 NA 50.2 0.454227965 III 0 0 0
SPCC1795.08c 2 994 1 0 0.888579597 3.2 NA 26.76834843 0.0028131 491.5 0 0 0 0 0 1 0 980951 984908 NA 47.81 0.549161941 III 1 0 0
SPCC18.05c 3 502 1 0 0.36182186 3.5 4875.9 31.60220259 0.0011609 1747.6 0 0 0 0 0 1 0 1962945 1964811 NA 84.13166667 0.674947951 III 1 0 0
SPCC1827.01c 0 652 1 0 0.056761327 1.6 2400.91 27.9819863 0.0022356 681.8 0 0 0 0 0 1 0 2374000 2376316 NA 33.76333333 0.5527303 III 1 0 0
SPCC1827.02c 0 362 1 0 0.055365405 4.6 15373.57 26.32274244 0.0004022 565.2 0 0 0 0 0 1 0 2376299 2378199 1.032546251 82.06333333 0.432715432 III 0 0 0
SPCC1840.10 2 94 1 0 0.129421193 2.4 5947.63 18.88128289 0 NA 0 0 0 0 0 1 0 2277890 2278303 1.01985842 38.09833333 0.624104592 III 0 0 0
SPCC188.07 0 735 1 0 0.714792995 1.5 205.03 29.88672624 0.004562 447.7 0 0 0 0 0 1 0 1486077 1488678 0.6158899 24.31166667 0.391203509 III 0 0 0
SPCC188.11 2 557 1 0 0.702942112 2.4 NA 22.13527855 0.0049708 639.6 0 0 0 0 0 1 0 1502489 1504664 NA 42.43 0.561183038 III 1 0 0
SPCC18B5.07c 2 549 1 0 0.662048419 5 16823.57 51.60748297 0.0030951 939.9 0 0 1 0 0 1 0 730871 733243 1.033415673 114.0116667 0.587194424 III 0 0 0
SPCC1919.14c 4 520 1 0 0.158290763 0.86 1220.39 32.84780116 0.0028737 NA 0 0 0 0 0 1 0 2237405 2239360 NA 12.12566667 0.473381818 III 1 0 0
SPCC1919.15 0 692 1 0 0.15621949 1.5 996.56 23.11626547 0.0025279 889.7 0 0 0 0 0 1 0 2239819 2242154 NA 24.80833333 0.40668461 III 0 0 0
SPCC24B10.08c 0 437 1 0 0.828875116 2.6 1243.63 23.57607797 0.0023331 NA 0 0 1 0 0 1 0 915040 916824 1.036581443 37 0.653331801 III 0 0 0
SPCC24B10.14c 2 203 1 0 0.837183433 0.18 NA 38.40585373 0.0021468 NA 0 0 1 0 0 1 0 924212 925737 NA 3.311666667 0.478291592 III 0 0 0
SPCC290.04 1 697 1 0 0.33250008 3.3 NA 23.23444676 0.004183 NA 0 0 1 0 0 1 0 2001145 2004364 NA 43.49833333 0.335572422 III 0 0 0
SPCC297.06c 0 230 1 0 0.419609186 2.1 NA 32.8704277 0.0025279 NA 0 0 0 0 0 1 0 1885725 1886860 1.012149267 43.58833333 0.345521866 III 0 0 0
SPCC2H8.05c 0 217 1 0 0.753714376 4.9 NA 36.71428931 0.0033483 191.8 0 0 0 0 0 1 0 832066 833537 1.060422887 66.71333333 0 III 0 0 0
SPCC31H12.03c 0 245 1 0 0.566240985 5.4 11644.19 28.92016479 0.0053409 641.3 0 0 0 0 0 1 0 625104 626325 1.137309154 139.4833333 0.570979687 III 0 0 0
SPCC320.03 0 867 1 0 0.149972734 7.4 263.46 22.90854563 0.0023546 NA 0 0 1 0 0 1 0 165563 170811 1.117475482 57.045 0.644002323 III 0 0 0
SPCC330.01c 0 963 1 0 0.092779228 1.7 NA 19.90690033 0.0016658 NA 0 0 0 0 0 1 0 102424 106750 NA 17.37833333 0.676177654 III 0 0 0
SPCC330.02 1 563 1 0 0.09559728 0.91 NA 18.59361922 0.0038826 443.8 0 0 1 0 0 1 0 105535 107848 0.993696191 15.09 0.587936443 III 0 0 0
SPCC338.16 0 577 1 0 0.819608741 0.63 NA 22.75464101 0.0015154 NA 0 1 0 0 0 1 0 1345278 1347289 0.38621184 10.4615 0.444863995 III 0 0 0
SPCC338.17c 1 628 1 0 0.820387137 2.6 173.28 23.54117754 0.0011605 100.4 0 1 0 0 0 1 0 1342923 1346239 NA 42.72 0.488850427 III 1 0 0
SPCC364.02c 0 384 1 0 0.437834366 1.8 650.19 26.59196231 0.0049294 NA 0 0 0 0 0 1 0 483349 484897 1.0699864 36.95 0.523547244 III 0 0 0
SPCC417.09c 3 767 1 0 0.561773081 1.3 NA 35.85324922 NA NA 0 0 1 0 0 1 0 1691219 1695091 1.174535823 18.575 0 III 0 0 0
SPCC4B3.14 0 290 1 0 0.964550395 1.3 2063.1 18.91047826 0.0065217 488.1 0 0 0 0 0 1 0 1150769 1151773 1.051505705 28.08 0.228069532 III 1 0 0
SPCC4E9.01c 8 923 1 0 0.908838049 0.13 NA 15.85353731 0.0030019 NA 0 0 0 0 0 1 0 1223308 1226925 1.109507045 1.435833333 0.090320658 III 0 0 0
SPCC4G3.05c 1 608 1 0 0.419147899 1 NA 17.1643424 0.0019177 NA 0 1 1 0 0 1 0 462720 464714 NA 19.78333333 0.625857143 III 0 0 0
SPCC4G3.07c 0 461 1 0 0.416545436 2.2 NA 26.67903138 0.0018959 NA 0 0 1 0 0 1 0 459847 461914 NA 39.28833333 0.52975419 III 1 0 0
SPCC4G3.18 0 828 1 0 0.394766449 2.9 7127.11 23.94449952 0.003522 733.6 0 0 1 0 0 1 0 435804 438607 NA 44.65833333 0.526413032 III 1 0 0
SPCC548.05c 1 468 1 0 0.20232093 1.7 NA 23.83834801 0.0028014 373.3 0 0 1 0 0 1 0 223353 225756 1.087717156 28.97333333 0.579270225 III 0 0 0
SPCC550.02c 2 354 1 0 0.938014529 1.7 1375.23 17.08336029 0.0032898 NA 0 0 0 0 0 1 0 1186393 1187568 NA 39.00333333 0.642315369 III 1 0 0
SPCC550.13 0 545 1 0 0.916612364 4.8 NA 19.56390404 0.0024064 170 0 0 1 0 0 1 0 1214010 1216438 NA 78.785 0.394071935 III 1 0 0
SPCC553.04 1 610 1 0 0.271763135 1.3 2084.15 20.40764173 0.0026282 349.7 0 0 0 0 0 1 0 300014 302380 0.865505384 26.255 0.624604486 III 0 0 0
SPCC576.13 0 215 1 0 0.259823163 2.6 855.37 38.67807279 0.0013517 687.2 0 0 0 0 0 1 0 2101753 2102400 0.861218721 59.92666667 0.535557491 III 0 0 0
SPCC5E4.06 1 1140 1 0 0.5911913 1.9 100 22.2775443 0.0029427 300.6 0 0 0 0 0 1 0 652648 656420 NA 30.13 0.627498571 III 1 0 0
SPCC613.07 0 345 1 0 0.082569564 1.1 411.57 23.62388852 0.0016877 546.9 0 0 0 0 0 1 0 91153 92898 NA 22.85666667 0.515590264 III 0 0 0
SPCC613.08 2 282 1 0 0.084297896 4.2 7236.31 38.42336213 0.0035825 832.6 0 0 0 1 0 1 0 93061 94425 0.225181591 105.3166667 0.593446334 III 0 0 1
SPCC622.09 0 126 1 0 0.770393401 56 101924.45 22.99882366 0.0034485 429.4 0 0 0 0 0 1 0 1412387 1413677 NA 1550.666667 0.437394118 III 1 0 0
SPCC622.19 1 473 1 0 0.750937966 2.1 1064.39 30.20722559 0.0015399 1425.9 0 0 0 0 0 1 0 1438134 1439921 1.06565931 33.17166667 0 III 0 0 0
SPCC63.11 0 662 1 0 0.776281439 1.7 998.42 24.64872796 0.0022019 932.9 0 0 0 0 0 1 0 856979 859292 NA 35.30166667 0.67129024 III 1 0 0
SPCC645.04 0 328 1 0 0.904057219 2.6 NA 31.21535422 0.0026623 NA 0 0 0 0 0 1 0 1232122 1233374 NA 45.08833333 0.382755687 III 1 0 0
SPCC645.05c 0 1526 1 0 0.900433603 2.6 1117.96 24.56701739 0.0013428 634.3 0 0 0 0 0 1 0 1233231 1238262 NA 30.095 0.375761187 III 1 0 0
SPCC645.07 1 1334 1 0 0.892124789 4 1662.35 23.34838724 0.0026245 NA 0 0 0 0 0 1 0 1245211 1249470 0.702708993 38.315 0.450068474 III 0 0 0
SPCC645.12c 0 198 1 0 0.885496568 2.1 NA 23.16703474 0.003668 292.3 0 0 0 0 0 1 0 1257676 1258411 1.046127373 30.64166667 0.347420851 III 0 0 0
SPCC645.13 1 721 1 0 0.883369696 3.1 1051.85 18.54163398 0.0022242 923.2 0 0 0 0 0 1 0 1258431 1261280 1.177957006 46.70333333 0.348114105 III 0 0 0
SPCC663.05c 0 262 1 0 0.59919462 3.7 1000.98 26.95687293 0.0044519 660.3 0 0 0 0 0 1 0 1642902 1644612 NA 58.66333333 0.34680522 III 1 0 0
SPCC70.02c 0 90 1 0 0.076424334 3.7 32464.8 67.64483898 0 700.8 0 0 0 0 0 1 0 2349058 2349792 1.057232055 118.59 0.134075472 III 0 0 0
SPCC736.12c 4 488 1 0 0.305346056 2.9 9495.58 38.66407108 0.0026868 575.5 0 0 1 0 0 1 0 337088 340150 NA 30.795 0.586457175 III 1 0 0
SPCC737.08 0 4717 1 0 0.398871994 4.5 1387.92 49.9692675 0.0022591 655.5 0 0 1 0 0 1 0 1900472 1914833 NA 22.195 0.529014431 III 1 0 0
SPCC777.09c 1 441 1 0 0.621126093 19 103914.04 51.28095573 0.0016514 1004.6 0 1 0 0 0 1 0 1613047 1615028 1.042648388 369.2333333 0.556637758 III 0 0 0
SPCC830.03 1 736 1 0 0.196818365 2.3 2972.45 21.29625344 0.0043578 720.9 0 0 0 0 0 1 0 2183590 2187389 NA 24.82 0.262966913 III 1 0 0
SPCC830.05c 1 557 1 0 0.193364514 3.1 NA 20.14205004 0.0031395 NA 0 0 0 0 0 1 0 2188083 2192048 NA 48.70166667 0.296353465 III 1 0 0
SPCC962.02c 1 997 1 0 0.494409187 2.6 NA 29.48986762 0.0032181 446.9 0 0 1 0 0 1 0 545805 549313 NA 35.77833333 0.599078381 III 1 0 0
SPCC965.05c 0 325 1 0 0.119141927 2.2 NA 28.69830701 0.0026868 NA 0 0 0 0 0 1 0 2290888 2292169 1.088979755 49.095 0 III 0 0 0
SPCC970.01 8 877 1 0 0.466320155 1.2 136.46 31.81864208 0.0031061 NA 0 0 1 0 0 1 0 514796 518379 0.845901328 26.78666667 0.604057679 III 0 0 0
SPCP1E11.03 3 426 1 0 0.042023709 0.71 NA 33.2998384 0.0003419 NA 0 0 0 0 0 1 0 2394675 2396196 1.106311645 18.44333333 0.155816425 III 0 0 0
SPCP1E11.08 2 260 1 0 0.033559216 4.6 7802.49 47.14187759 0.001678 473.8 0 0 0 0 0 1 0 2406230 2407614 NA 104.8166667 0.634486672 III 1 0 0
SPCP25A2.03 2 752 1 0 0.939669175 2 1742.34 24.67737838 0.0034897 1349.5 0 0 0 0 0 1 0 1182719 1185336 NA 32.86333333 0.398023046 III 1 0 0
SPCP31B10.05 0 536 1 0 0.479211996 0.98 NA 31.58119093 0.0029904 NA 0 0 0 0 0 1 0 529028 531496 1.02609921 18.03166667 0.611122149 III 0 0 0
