SPAC1002.01 1 179 1 0 0.476818574 0.46 NA 38.30908037 0.0024331 NA 0 1 0 0 0 0 0 1798347 1799015 1.042607089 6.947 0 I 0 0 0
SPAC1002.08c 0 366 1 0 0.479770408 0.91 NA 15.98361854 0.00358 NA 0 1 0 0 0 0 0 1809480 1811361 NA 20.62833333 0.22061165 I 1 0 0
SPAC1002.09c 0 511 1 0 0.480281603 12 62710.75 50.99418618 0.0019959 1470.6 0 1 0 0 0 0 0 1811408 1813805 NA 259.9833333 0.487575733 I 1 0 0
SPAC1039.07c 0 448 1 0 0.063700674 1.1 NA 22.57722957 0.0048843 NA 0 1 0 0 0 0 0 5462118 5463989 0.921876556 18.03666667 0 I 0 1 0
SPAC1071.11 0 244 1 0 0.937650305 1.4 2640.37 21.90981948 0.0029793 NA 0 1 0 0 0 0 0 3882010 3884256 0.95115891 27.765 0.305230769 I 0 0 0
SPAC10F6.17c 0 444 1 0 0.328769255 3.6 4327.91 38.55877305 0.0029525 836 0 1 0 0 0 0 0 1239971 1241970 1.049380038 57.57166667 0.424047968 I 0 0 0
SPAC11E3.12 3 162 1 0 0.149618357 1.2 NA 39.73038586 0.0062693 368.4 0 1 0 0 0 0 0 5305696 5308686 1.128392114 34.61333333 0.289903549 I 0 0 0
SPAC11E3.13c 0 510 1 0 0.149409791 6.7 6111.88 28.61242893 0.0031425 598 0 1 0 0 0 0 0 5306742 5309063 1.070688796 49.27666667 0.315841109 I 0 0 0
SPAC11G7.05c 0 318 1 0 0.889498606 0.89 NA 23.52144496 0.0027458 NA 0 1 0 0 0 0 0 3969366 3971294 NA 18.155 0.062080473 I 0 0 0
SPAC11G7.06c 0 430 1 0 0.88761487 0.35 NA 20.32324903 0.0020513 NA 0 1 0 0 0 0 0 3971564 3974699 1.021798709 6.0965 0.099174539 I 0 0 0
SPAC1296.02 1 164 1 0 0.188579562 9.5 36444.16 89.14325565 0.0017695 671.9 0 1 0 0 0 0 0 711238 712354 0.79573412 253.4166667 0.277941992 I 0 0 0
SPAC12B10.05 11 486 1 0 0.550250916 2.4 NA 41.95656695 0.0044965 249 0 1 0 0 0 0 0 4582299 4584511 1.072297674 73.5 0.494462592 I 0 0 0
SPAC12B10.06c 1 139 1 0 0.549855359 1.7 1920.25 70.63692126 0.0031283 519.7 0 1 0 0 0 0 0 4584473 4585226 NA 46.72333333 0.403804618 I 0 0 0
SPAC12B10.08c 2 456 1 0 0.547898045 0.3 NA 27.13980146 0.0031944 NA 0 1 0 0 0 0 0 4586309 4588764 NA 5.550166667 0.109763378 I 1 0 0
SPAC12G12.04 0 582 1 0 0.090086474 40 90635.5 19.49168269 0.0005008 705.7 0 1 0 0 0 0 0 339766 342080 NA 864.3833333 0.539169213 I 1 0 0
SPAC12G12.08 0 213 1 0 0.088339714 1.5 2313 37.26882639 0.0020465 655.9 0 1 0 0 0 1 0 333178 334621 NA 40.525 0.312641369 I 1 0 0
SPAC139.02c 0 320 1 0 0.270246164 7.3 24785.16 39.99875825 0.0018191 859.2 0 1 0 0 0 0 0 1019248 1020838 1.098015939 138.55 0.438981021 I 0 0 0
SPAC13F5.01c 2 941 1 0 0.575104055 1.4 100 28.63301399 0.001861 859.3 0 1 0 0 0 0 0 2169036 2172310 1.042753691 17.28166667 0.461963282 I 0 0 0
SPAC13F5.03c 0 450 1 0 0.57659018 1.9 NA 51.02672292 0.0006474 NA 0 1 0 0 0 0 0 2174641 2177050 1.037087124 5.497833333 0.39061413 I 0 0 0
SPAC13F5.05 0 363 1 0 0.577792337 1.1 2760.71 25.20632054 0.0020053 817.8 0 1 0 0 0 0 0 2179175 2181507 1.058403601 15.51 0.226029353 I 0 0 0
SPAC13G6.05c 3 253 1 0 0.047965109 2 NA 54.03690478 0.0017803 473.4 0 1 0 0 0 0 0 180903 182254 NA 56.10666667 0.595958633 I 1 0 0
SPAC13G6.06c 0 1031 1 0 0.048345324 10 37620.97 64.95153871 0.0025813 990.4 0 1 0 0 0 0 0 182337 186358 NA 137.4083333 0.687401974 I 0 0 0
SPAC1420.04c 0 753 1 0 0.336155866 1.6 NA NA 0.000196 NA 0 1 0 0 0 0 0 NA NA NA NA 0.564895918 I 0 0 0
SPAC144.08 1 225 1 0 0.502192159 1.1 1664.72 26.35529119 0.0032298 666.2 0 1 0 0 0 0 0 4668470 4671381 0.765203259 17.575 0.334241873 I 1 0 0
SPAC1486.01 1 218 1 0 0.844562745 4.6 73053.21 61.15241636 0.0013332 707 0 1 0 0 0 0 0 3185314 3186584 0.866714026 122.05 0.389739467 I 0 0 0
SPAC1486.06 1 410 1 0 0.849480877 4.2 14661.57 40.31269831 0.0014208 353.2 0 1 0 0 0 1 0 3203863 3205821 NA 70.185 0.486132054 I 1 0 0
SPAC1486.08 1 113 1 0 0.850440429 3.1 1958.14 57.59495576 0 NA 0 1 0 0 0 0 0 3207482 3209724 0.274659997 78.025 0.044861489 I 0 0 0
SPAC14C4.01c 0 244 1 0 0.195332541 0.85 2392.29 32.66324994 0.0029793 1319.1 0 1 0 0 0 0 0 5221803 5226054 1.043378004 15.1455 0.323792076 I 0 0 0
SPAC1556.02c 1 641 1 0 0.985078384 19 51839.55 63.26085785 0.001137 1005.5 0 1 0 0 0 0 0 3796280 3798526 1.04848662 469.75 0.774902402 I 0 0 0
SPAC1556.03 2 299 1 0 0.983326317 2.4 2187.21 28.35045174 0.0029197 NA 0 1 0 0 0 0 0 3799045 3801693 1.083144087 54.30666667 0.462439111 I 0 0 0
SPAC1565.01 0 242 1 0 0.342280927 10 10670.64 57.52115383 0.0018023 913.9 0 1 0 0 0 0 0 1290931 1293853 1.09754227 130.7833333 0.293250518 I 0 0 0
SPAC15A10.01 0 693 1 0 0.974032985 2.6 161.8 25.96179161 0.002945 NA 0 1 0 0 0 0 0 3673618 3677834 NA 39.58 0.357639836 I 1 0 0
SPAC15E1.09 3 110 1 0 0.989267819 1.2 2799.37 48.34312929 0 719.4 0 1 0 0 0 0 0 3731077 3732340 1.060453252 54.33166667 0.166393118 I 0 0 0
SPAC1610.04 0 526 1 0 0.476211397 1.2 897.44 23.94657586 0.0024931 122.8 0 1 0 0 0 0 0 1796057 1798148 1.098541165 25.35 0 I 0 0 0
SPAC167.04 3 209 1 0 0.411922247 3.5 3682.68 69.2610216 0.0007373 NA 0 1 0 0 0 0 0 1553587 1554941 1.038433201 107.5216667 0.293333333 I 0 0 0
SPAC167.06c 0 121 1 0 0.410984438 0.63 5060.68 35.99802516 0.0011966 773.7 0 1 0 0 0 0 0 1550050 1550889 1.082281849 14.65833333 0.116621257 I 0 0 0
SPAC1687.12c 3 272 1 0 0.245286426 5.9 916.35 62.90435977 0.0026737 NA 0 1 0 0 0 0 0 925111 926289 NA 151.55 0.543030534 I 1 0 0
SPAC1687.23c 0 104 1 0 0.246358928 NA NA NA 0.0100186 NA 0 1 0 0 0 0 0 929156 929654 1.065791863 0.046518333 0.019597194 I 0 0 0
SPAC16E8.10c 1 259 1 0 0.93296132 2.6 865.64 40.51471033 0.0028074 1016.5 0 1 0 0 0 0 0 3518714 3519812 NA 80.575 0.461720905 I 1 0 0
SPAC16E8.17c 0 331 1 0 0.936540482 3.3 11711.51 47.11440811 0.0039574 764.9 0 1 0 0 0 0 0 3532213 3533673 1.079672591 69.67166667 0.551028571 I 0 0 0
SPAC1751.02c 2 93 1 0 0.102049712 2 NA 51.06280169 0.0031061 592.7 0 1 0 0 0 0 0 384886 386195 NA 83.76833333 0.290890566 I 1 0 0
SPAC1782.04 1 175 1 0 0.450830088 3.9 NA 26.70767503 0.0024884 NA 0 1 0 0 0 0 0 4763020 4764222 1.069417612 84.755 0.297148795 I 0 0 0
SPAC1782.07 3 92 1 0 0.448747745 12 12325.39 90.64074822 0 747.5 0 1 0 0 0 0 0 4767042 4767986 NA 393.6 0.466860317 I 0 0 0
SPAC1782.08c 0 540 1 0 0.447894117 2.7 NA 24.55680978 0.003508 NA 0 1 0 0 0 1 0 4767907 4769529 0.950527971 60.37666667 0.425927911 I 0 0 0
SPAC1783.01 0 583 1 0 0.57989704 2.6 474.14 29.20426857 0.0027497 NA 0 1 0 0 0 0 0 2187113 2190744 1.056243647 34.715 0.412464141 I 0 0 0
SPAC1786.04 0 111 1 0 0.804298706 0.038 NA NA 0.0013034 NA 0 1 0 0 0 0 0 3033456 3033916 0.999351422 0.266066667 0 I 0 0 0
SPAC17A2.05 1 513 1 0 0.944042694 3.5 8804.05 30.81618828 0.0022721 728 0 1 0 0 0 0 0 3560508 3562931 1.071544466 57.015 0.464569209 I 0 0 0
SPAC17A2.11 0 217 1 0 0.94835418 0.037 NA NA 0.0080655 NA 0 1 0 0 0 0 0 3576769 3578782 1.036748538 0.115793333 0.005257248 I 0 0 0
SPAC17A5.02c 4 478 1 0 0.465000369 1.7 1912.4 37.25869273 0.0009143 776.7 0 1 0 0 0 1 0 1753774 1755715 0.788199043 35.68666667 0.480421305 I 0 0 0
SPAC17C9.06 1 475 1 0 0.60223094 1.6 2061.27 28.84860263 0.0009201 766.6 0 1 0 0 0 0 0 4488524 4490553 NA 32.92833333 0.43150758 I 1 0 0
SPAC17G6.15c 5 322 1 0 0.959516687 5.8 14422.04 48.08731135 0.0017912 826.7 0 1 0 0 0 0 0 3618869 3620815 0.98648371 157.85 0.470736022 I 0 0 0
SPAC17G8.05 2 193 1 0 0.62308905 0.9 1689.38 34.68133446 0.0024196 NA 0 1 0 0 0 0 0 2350014 2351244 0.147689437 30.67666667 0.361615311 I 0 0 0
SPAC17G8.06c 0 598 1 0 0.623390252 18 42993.63 48.58058171 0.0029246 864.8 0 1 0 0 0 0 0 2351150 2353472 0.713923778 444.2166667 0.670634545 I 0 0 0
SPAC17H9.12c 0 266 1 0 0.537167173 5.5 53721.42 66.19312859 0.0016403 847.6 0 1 0 0 0 0 0 2025955 2027090 1.113918363 122.1333333 0.362273782 I 0 0 0
SPAC17H9.17c 2 370 1 0 0.538772347 0.8 710.83 36.73471139 0.0011805 NA 0 1 0 0 0 0 0 2032009 2033308 NA 18.23 0.496431799 I 1 0 0
SPAC1834.10c 1 178 1 0 0.47614959 5.5 NA 40.66354194 0.0048934 NA 0 1 0 0 0 0 0 4717677 4718455 1.053083247 146.7833333 0.217186207 I 0 0 0
SPAC18G6.01c 0 259 1 0 0.585697832 1.1 1528.33 31.34570702 0.001123 NA 0 1 0 0 0 0 0 2208991 2210790 1.064716325 16.92 0.001458725 I 0 0 0
SPAC18G6.04c 1 488 1 0 0.587826397 5.4 11968.28 64.04910298 0.0030864 1229.5 0 1 0 0 0 0 0 2217019 2219065 1.12419957 96.85333333 0.565122058 I 0 0 0
SPAC1952.09c 0 521 1 0 0.329223785 4.2 9667.3 35.41540944 0.0013983 470 0 1 0 0 0 0 0 4981215 4984035 1.016149058 49.43833333 0.43670922 I 0 0 0
SPAC1952.14c 1 145 1 0 0.323416017 3.7 2615.19 51.91544511 0 689.4 0 1 0 0 0 0 0 4993624 4994533 NA 82.11333333 0.135832911 I 1 0 0
SPAC19A8.14 0 205 1 0 0.652301147 2.8 5229.56 45.34462321 0.0035433 936.2 0 1 0 0 0 0 0 2460189 2461046 1.071976564 64.48333333 0.471112485 I 0 0 0
SPAC19D5.01 0 711 1 0 0.206868413 0.95 NA 24.61962709 0.0039288 NA 0 1 0 0 0 0 0 5202366 5205202 1.118427387 9.377166667 0.332052078 I 0 0 0
SPAC19G12.05 0 291 1 0 0.844753673 9.4 18488.29 44.11449824 0.0019998 4459.8 0 1 0 0 0 0 0 4050905 4052174 1.097441289 205.3166667 0.505884372 I 0 0 0
SPAC19G12.11 0 250 1 0 0.835736087 2.8 12057.29 61.06535069 0.0017448 442.5 0 1 0 0 0 0 0 4066981 4068474 0.971731447 64.24 0.276404212 I 1 0 0
SPAC19G12.12 0 294 1 0 0.834931143 1.7 NA 29.43411551 0.0014846 534.1 0 1 0 0 0 0 0 4068498 4069929 1.108302518 33.72666667 0.409527589 I 1 0 0
SPAC1B1.04c 7 681 1 0 0.939852909 3.1 NA 31.29972318 0.002413 NA 0 1 0 0 0 0 0 3544706 3548171 1.063293496 61.79833333 0.333055693 I 0 1 0
SPAC1B2.02c 0 421 1 0 0.744607926 2.9 6119.67 33.35299759 0.0024216 803 0 1 0 0 0 0 0 2808329 2810033 NA 62.47833333 0.421890482 I 0 0 0
SPAC1B2.04 1 140 1 0 0.746137269 5.7 33524.78 74.07819202 0.0020707 634.8 0 1 0 0 0 0 0 2814097 2815495 NA 166.25 0.185596315 I 0 0 0
SPAC1B3.04c 2 652 1 0 0.35702174 0.83 NA 23.57733058 0.0015117 NA 0 1 0 0 0 0 0 4931258 4933788 1.045226537 14.03666667 0.495670236 I 0 0 0
SPAC1F3.10c 0 762 1 0 0.168338568 0.62 NA 20.50465986 0.001722 NA 0 1 0 0 0 0 0 634898 639430 0.913719188 10.51683333 0.499020095 I 0 0 0
SPAC1F5.09c 0 589 1 0 0.072424258 0.31 NA 16.07332391 0.001732 NA 0 1 0 0 0 0 0 273152 274921 1.114621168 3.625166667 0.619844828 I 0 0 0
SPAC20G8.02 0 757 1 0 0.368717245 1.8 824.38 21.62856429 0.0013517 NA 0 1 0 0 0 0 0 1390637 1393081 0.974055687 26.59833333 0.54581028 I 0 0 0
SPAC21E11.07 1 325 1 0 0.729111148 1.1 221.21 28.15315868 0.0031347 465.7 0 1 0 0 0 0 0 4259954 4261207 NA 25.755 0.396789834 I 1 0 0
SPAC222.12c 0 525 1 0 0.256792558 41 91271.13 88.27978541 0.0019428 642 0 1 0 0 0 0 0 968507 970412 0.152486933 928.0333333 0.86082643 I 0 0 0
SPAC227.09 1 417 1 0 0.135580718 1.5 2400.82 41.31202943 0.0052387 1060.9 0 1 0 0 0 0 0 511350 513382 NA 31.9 0.36836206 I 1 1 0
SPAC227.13c 0 192 1 0 0.137189074 15 5044.94 17.84477088 0.0015128 52 0 1 0 0 0 0 0 517416 519017 1.006339057 140.2833333 0.245167557 I 0 0 0
SPAC22A12.08c 4 570 1 0 0.310268924 2.2 5909.53 46.72911238 0.0020453 768.2 0 1 0 0 0 0 0 1170196 1172171 NA 45.69 0.644927553 I 1 0 0
SPAC22E12.10c 1 616 1 0 0.298732725 9.1 4276.65 55.92193534 0 516.9 0 1 0 0 0 0 0 5036954 5039150 NA 151.3666667 0.523940937 I 1 0 0
SPAC22F3.06c 0 1067 1 0 0.183880172 6 7033.46 41.44578788 0.0019137 1017 0 1 0 0 0 0 0 693514 697130 1.005187543 99.59 0.587045269 I 0 0 0
SPAC22F3.07c 2 118 1 0 0.183338751 3.8 19997.89 88.35437495 0.0049071 780.8 0 1 0 0 0 1 0 691472 692077 1.013589022 140.8666667 0.357382199 I 0 0 0
SPAC22F8.02c 0 372 1 0 0.438627025 2.3 1100.56 15.86376462 0.0027397 NA 0 1 0 0 0 0 0 4785162 4786280 0.925979251 14.01383333 0.026901408 I 0 0 0
SPAC22G7.07c 0 419 1 0 0.197938834 0.72 NA 26.84335937 0.0017674 NA 0 1 0 0 0 0 0 746537 748971 1.036303703 10.17933333 0.012429752 I 0 1 0
SPAC22H10.09 0 646 1 0 0.633051522 1 NA 18.22790987 0.0038417 NA 0 1 0 0 0 0 0 2387588 2389909 0.984149774 22.855 0.040176157 I 0 0 0
SPAC22H12.03 2 270 1 0 0.237744972 0.57 2535.36 48.45363308 0.0032321 713.3 0 1 0 0 0 0 0 896668 897900 NA 12.58 0.40590082 I 0 0 0
SPAC23A1.18c 0 303 1 0 0.810700943 2.2 769.89 19.01738404 0.0034997 580.5 0 1 0 0 0 0 0 4111970 4113727 NA 43.425 0.093406151 I 1 0 0
SPAC23C11.07 0 110 1 0 0.56870298 0.077 NA NA 0.0013152 NA 0 1 0 0 0 0 0 2144894 2145226 1.092324368 1.3476 0 I 0 0 0
SPAC23C11.17 1 485 1 0 0.574609299 6.2 6976.99 39.7280679 0.0018023 3161.7 0 1 0 0 0 0 0 2167170 2168987 NA 114.6366667 0.564858172 I 1 0 0
SPAC23C4.11 2 60 1 0 0.277621638 6.8 4127.59 108.1032896 0.0023932 1610.9 0 1 0 0 0 0 0 1047065 1047741 NA 378.8166667 0.104027174 I 0 0 0
SPAC23C4.12 2 400 1 0 0.278123288 1.9 1290.56 22.58947973 0.0021843 NA 0 1 0 0 0 0 0 1048957 1051136 1.091610576 34.405 0.294079141 I 0 0 0
SPAC23H3.07c 2 105 1 0 0.664111663 4.5 1923.03 41.05780744 0 NA 0 1 0 0 0 0 0 2504733 2505904 NA 175.8333333 0.481835882 I 1 0 0
SPAC23H3.12c 0 226 1 0 0.666847406 0.43 1035.22 11.42875832 0.0058655 NA 0 1 0 0 0 0 0 2515051 2515985 1.112260088 6.604 0.453762219 I 0 0 0
SPAC23H4.04 2 415 1 0 0.424602697 1.4 NA 27.74955697 0.0028074 NA 0 1 0 0 0 0 0 1601412 1603005 NA 43.38 0.479875801 I 1 0 0
SPAC23H4.05c 0 97 1 0 0.424048814 NA NA NA 0.0044842 NA 0 1 0 0 0 0 0 1599323 1600363 NA 0.119361667 0 I 0 0 0
SPAC24C9.06c 1 789 1 0 0.808170849 27 40682.35 39.72797116 0.0026236 840 0 1 0 0 0 0 0 3048060 3051537 NA 518.6333333 0.495068445 I 1 0 0
SPAC24C9.09 0 474 1 0 0.812312644 1.4 566.61 26.58448376 0.0021559 863.1 0 1 0 0 0 0 0 3063681 3066413 NA 26.98166667 0.470457673 I 1 0 0
SPAC24C9.10c 0 263 1 0 0.812748803 2.5 4366.84 36.70728591 0.000553 416.8 0 1 0 0 0 0 0 3065326 3066303 NA 57.01333333 0.513187027 I 1 0 0
SPAC24C9.13c 1 88 1 0 0.814408066 9.3 1507.36 34.53559494 0 396.5 0 1 0 0 0 0 0 3071584 3072124 NA 163.4333333 0.414118126 I 1 0 0
SPAC24C9.16c 3 66 1 0 0.806762677 5.2 NA NA 0 887.1 0 1 0 0 0 0 0 NA NA NA NA 0 I 0 0 0
SPAC24H6.02c 1 175 1 0 0.12947952 0.55 NA 27.1234128 0.0033179 869.9 0 1 0 0 0 0 0 488339 489482 1.016911849 12.1 0.4523125 I 0 0 0
SPAC25A8.03c 0 467 1 0 0.555782046 1 NA 24.161193 0.004679 NA 0 1 0 0 0 0 0 2096162 2098083 1.080430813 19.775 0.018267687 I 0 0 0
SPAC25B8.03 0 516 1 0 0.784756849 4 757.89 32.02033155 0.0008471 219.6 0 1 0 1 0 0 0 4157827 4160623 NA 65.81 0.313707486 I 0 0 0
SPAC25B8.06c 1 479 1 0 0.781815345 1.1 1954.93 41.83016539 0.0025668 711.4 0 1 0 0 0 0 0 4162367 4165940 NA 22.35166667 0.441474808 I 1 0 0
SPAC25B8.07c 0 113 1 0 0.780822858 0.7 1781.46 32.63079026 0.0051223 NA 0 1 0 0 0 0 0 4166006 4167734 1.101916673 19.80666667 0 I 0 0 0
SPAC25B8.18 0 121 1 0 0.767311415 0.81 NA 26.63975324 0 834.6 0 1 0 0 0 0 0 4191410 4192157 1.270021237 18.29833333 0.150395567 I 0 0 0
SPAC26A3.11 1 322 1 0 0.88991832 3.8 21271.75 47.71362396 0.0031638 755.4 0 1 0 0 0 0 0 3356375 3357902 1.052450185 75.00333333 0.393562682 I 0 0 0
SPAC26F1.03 0 409 1 0 0.2200872 16 72385.12 67.28576823 0.0007121 1005.7 0 1 0 0 0 0 0 5179652 5181308 0.285336514 440.9833333 0.643183453 I 1 0 0
SPAC27D7.06 0 341 1 0 0.58586817 5.6 13700.36 67.31695051 0.0017074 771.3 0 1 0 0 0 0 0 4519000 4520130 1.03257634 123.4666667 0 I 0 0 0
SPAC27E2.06c 0 539 1 0 0.863189382 1.2 1157.3 23.78265691 0.0035145 NA 0 1 0 0 0 0 0 4016534 4018850 NA 20.21 0.400248758 I 1 0 0
SPAC27E2.11c 0 81 1 0 0.867961511 810 NA NA 0.0053409 NA 0 1 0 0 0 0 0 4008075 4010224 0.561134031 10999.16667 0.190291719 I 0 0 0
SPAC29A4.03c 1 271 1 0 0.240832074 2.2 1120.66 39.46612981 0.0032929 910.4 0 1 0 0 0 0 0 5142407 5143810 NA 56.3 0.340096257 I 1 0 0
SPAC29A4.17c 1 147 1 0 0.257240209 0.52 NA 40.32598959 0.0039456 NA 0 1 0 0 0 0 0 5113027 5114151 0.980783884 10.62316667 0.212247685 I 0 0 0
SPAC29E6.07 0 116 1 0 0.643932575 NA NA 27.07706361 0.0038757 NA 0 1 0 0 0 0 0 4414824 4415174 1.059987175 0.687966667 0 I 0 0 0
SPAC2C4.09 2 216 1 0 0.72010186 1.5 NA 21.09076063 0.002691 579.4 0 1 0 0 0 0 0 4276009 4277492 1.08225656 41.845 0.365002927 I 0 0 0
SPAC2E1P3.01 0 348 1 0 0.774948735 1.3 NA 25.73025648 0.0055062 633 0 1 0 0 0 0 0 2922761 2924720 1.057595653 30.80333333 0.104898955 I 0 0 0
SPAC2F3.04c 1 150 1 0 0.913129661 2.9 1686.07 36.10803932 0.004834 872.5 0 1 0 0 0 0 0 3927451 3928579 NA 91.73166667 0.081103093 I 1 0 0
SPAC2F3.09 0 558 1 0 0.905657235 18 17709.41 23.47438214 0.003395 363.6 0 1 0 0 0 0 0 3939598 3942086 NA 372.4666667 0.387008247 I 1 0 0
SPAC30C2.03 0 210 1 0 0.520690935 0.48 NA 34.12868798 0.0006952 NA 0 1 0 0 0 0 0 4637119 4637943 NA 13.57333333 0.231464052 I 1 0 0
SPAC31A2.03 1 216 1 0 0.10324418 1.4 1778.62 53.92229779 0.0033637 1100.2 0 1 0 0 0 0 0 389391 390520 NA 35.94833333 0.187171908 I 1 0 0
SPAC31A2.06 0 542 1 0 0.105374602 1.8 357.31 22.83464517 0.003495 323.5 0 1 0 0 0 0 0 397426 402487 0.40220816 34.91166667 0.486146845 I 0 0 0
SPAC31A2.08 0 161 1 0 0.106810349 2.1 1805.1 34.97194494 0.0009011 702.2 0 1 0 0 0 0 0 402841 403862 NA 50.40166667 0.359843575 I 1 0 0
SPAC31G5.14 0 387 1 0 0.798676355 9.4 49739.86 68.89357277 0.0022575 1113.6 0 1 0 0 0 0 0 3012251 3014213 1.053407919 170.65 0.506435115 I 0 0 0
SPAC323.01c 1 386 1 0 0.924014386 1.6 1025.91 35.86719744 0.0008065 NA 0 1 0 0 0 0 0 3907439 3908904 0.368938178 31.95833333 0.403313525 I 1 0 0
SPAC323.04 3 487 1 0 0.92077414 4.4 11322.57 48.65494488 0.0032907 1437.2 0 1 0 0 0 0 0 3912696 3914761 1.017353696 85.745 0.528891936 I 0 0 0
SPAC343.01c 1 426 1 0 0.434447976 2.3 2486.23 29.55869544 0.0027351 881.9 0 1 0 0 0 0 0 1638544 1641241 NA 38.84666667 0.425484907 I 1 0 0
SPAC343.02 0 182 1 0 0.43527469 2.3 3829.2 43.18407814 0.0007977 709.8 0 1 0 0 0 0 0 1641662 1642932 NA 59.42333333 0.185086556 I 1 0 0
SPAC343.06c 0 381 1 0 0.437335114 0.88 NA 20.25325505 0.0038216 213 0 1 0 0 0 0 0 1649433 1650833 1.115716179 17.725 0.554978464 I 0 0 0
SPAC343.08c 2 111 1 0 0.437730177 1.4 2503.51 16.91300678 0.0013271 565.3 0 1 0 0 0 0 0 1650923 1653983 NA 30.87333333 0.27350747 I 1 0 0
SPAC343.13 2 526 1 0 0.44286334 1.1 371.31 44.80689623 0.0027701 814.8 0 1 0 0 0 0 0 1670283 1672264 NA 21.71 0.427422386 I 1 0 0
SPAC343.16 0 721 1 0 0.444307572 18 24907.16 49.39021332 0.002022 931 0 1 0 0 0 0 0 1675730 1678118 1.05013517 347.5166667 0.660866696 I 0 0 0
SPAC343.17c 1 576 1 0 0.443765355 1.3 282.66 27.91429705 0.0012776 688 0 1 0 0 0 0 1 1673685 1680143 NA 21.68666667 0.53445035 I 1 0 0
SPAC3A11.07 0 551 1 0 0.91651717 25 46048.16 60.4092528 0.0031736 699 0 1 0 0 0 0 0 3456694 3459197 0.736931933 352.8333333 0.35766962 I 0 0 0
SPAC3A12.02 2 286 1 0 0.376984394 1.3 494.35 50.73348715 0.003077 416.3 0 1 0 0 0 0 0 1421817 1422972 NA 19.40833333 0.414709441 I 1 0 0
SPAC3A12.08 0 214 1 0 0.380446362 0.95 1733.53 28.32231466 0.002716 476.7 0 1 0 0 0 0 0 1434874 1436105 1.066508945 19.12333333 0.299351648 I 0 0 0
SPAC3A12.12 0 286 1 0 0.382075929 1.1 3486.36 37.87701741 0.0035606 820.5 0 1 0 0 0 0 0 1441020 1442352 0.971048083 28.025 0.411227823 I 0 0 0
SPAC3A12.16c 1 164 1 0 0.384437555 7.4 NA 39.18302394 0.0008848 790.5 0 1 0 0 0 0 0 1449927 1451399 NA 190.6333333 0.364341074 I 1 0 0
SPAC3A12.17c 0 395 1 0 0.384945569 2.1 6960.96 28.70892809 0.0018433 2064.7 0 1 0 0 0 0 0 1451843 1453348 1.057496835 36.53166667 0.448769925 I 0 0 0
SPAC3G6.05 3 206 1 0 0.104812017 3.1 3848.15 35.80005746 0.0014105 563.9 0 1 0 0 0 0 0 5387884 5389677 1.02769388 114.215 0.298748617 I 0 0 0
SPAC3G9.02 0 236 1 0 0.843266728 0.72 NA 42.23786277 0.0073917 777.8 0 1 0 0 0 0 0 3180426 3181164 NA 18.05333333 0.50369697 I 0 0 0
SPAC3G9.03 1 139 1 0 0.842979578 45 195779.12 117.7250653 0 NA 0 1 0 0 0 1 0 3179343 3180033 0.893315915 1863.166667 0.840996764 I 0 0 0
SPAC3G9.13c 4 361 1 0 0.835221238 1.3 NA 34.96535506 0.0020164 818.7 0 1 0 0 0 0 0 3150082 3156856 NA 23.99833333 0.324565251 I 1 0 0
SPAC3H1.04c 1 601 1 0 0.513306451 1.3 NA 26.6394632 0.0026675 NA 0 1 0 0 0 0 0 1935963 1938311 NA 30.09833333 0.405586773 I 0 0 0
SPAC3H1.08c 1 211 1 0 0.515806747 1.7 NA 45.1801505 0.002126 728.1 0 1 0 0 0 0 0 1945393 1946312 1.125675736 38.09333333 0.369651391 I 0 0 0
SPAC3H8.03 1 105 1 0 0.156617405 1.7 512.36 55.67368464 0.0013772 873.6 0 1 0 0 0 0 0 590691 592152 1.028694397 50.94 0.008943001 I 0 0 0
SPAC4A8.05c 0 2104 1 0 0.675387387 1.9 495.04 30.38964569 0.0031327 701.9 0 1 0 0 0 0 0 2547260 2553707 0.978295332 23.09833333 0.355412891 I 1 0 0
SPAC4A8.06c 0 578 1 0 0.677121685 1.9 1392.62 25.65819619 0.0030256 825.5 0 1 0 0 0 0 0 2553801 2555939 1.005579664 44.36333333 0.459450755 I 0 0 0
SPAC4A8.08c 6 950 1 0 0.678355394 1.4 652.29 40.11919228 0.0038377 NA 0 1 0 0 0 0 0 2558454 2561989 NA 28.62333333 0.391592042 I 1 0 0
SPAC4C5.01 5 249 1 0 0.316105775 2.3 15670.8 36.99572903 0.0017518 728.7 0 1 0 0 0 0 0 1192210 1193756 0.942277553 31.34833333 0.35887907 I 0 0 0
SPAC4D7.04c 3 264 1 0 0.121873511 1.4 9013.82 34.56270085 0.0017636 1109.1 0 1 0 0 0 0 0 5357357 5358837 NA 42.29833333 0.408928521 I 1 0 0
SPAC4F10.17 0 123 1 0 0.392707594 0.095 NA 44.93826694 0.0011773 NA 0 1 0 0 0 0 0 4868326 4869283 1.071878799 2.281166667 0.083511962 I 0 0 0
SPAC4F8.02c 0 279 1 0 0.708895325 3.2 8751.05 41.16415642 0.003147 842.6 0 1 0 0 0 0 0 2673637 2674938 NA 79.15833333 0.150207957 I 1 0 0
SPAC4F8.06 0 162 1 0 0.707422193 1.1 2965.79 30.87904377 0 NA 0 1 0 0 0 0 0 2668081 2669009 NA 25.20666667 0.31983698 I 1 0 0
SPAC4G8.07c 4 527 1 0 0.205220448 1.8 3382.66 24.91427885 0.0019465 760 0 1 0 0 0 1 0 774000 776062 1.103327972 32.37333333 0.519523025 I 0 0 0
SPAC4G8.08 2 271 1 0 0.206062806 1 4669.13 36.97372071 0.0021468 NA 0 1 0 0 0 0 0 777177 778498 1.077660134 29.44333333 0.524363636 I 0 0 0
SPAC4G8.09 0 874 1 0 0.206395295 1.4 919.16 24.0417124 0.00317 316.3 0 1 0 0 0 0 0 778431 781324 NA 27.62166667 0.506091916 I 1 0 0
SPAC4G8.11c 2 267 1 0 0.207168451 0.35 1202.54 29.88438151 0.0005447 643 0 1 0 0 0 0 0 781347 783634 0.379855532 7.703833333 0.196579805 I 0 0 0
SPAC4G9.09c 0 885 1 0 0.601849529 8.5 26527.97 54.56643125 0.0024715 839.1 0 1 0 0 0 0 0 2269908 2272911 0.986756516 136.4833333 0.662114141 I 0 0 0
SPAC4G9.11c 0 223 1 0 0.603333003 3 5750.86 44.80402469 0.004562 668.5 0 1 0 0 0 0 0 2275503 2276260 1.111720986 70.495 0.020084211 I 0 0 0
SPAC4G9.17c 1 387 1 0 0.605713719 1.9 2254.48 28.39266086 0.0048913 197.3 0 1 0 0 0 0 0 2284482 2286132 NA 45.975 0.328759931 I 1 0 0
SPAC4H3.07c 3 142 1 0 0.962442029 9.7 19566.05 98.56494516 0.0016975 806.8 0 1 0 0 0 0 0 3838660 3839443 0.856646972 311.6166667 0.379106742 I 0 0 0
SPAC4H3.09 2 112 1 0 0.959852377 1.9 NA 85.91784515 0.0012919 751.7 0 1 0 0 0 0 0 3843366 3844124 NA 79.335 0.43942 I 1 0 0
SPAC513.04 0 100 1 0 0.772467529 0.11 NA 42.80331279 0.0057816 NA 0 1 0 0 0 0 0 2913403 2913705 NA 0.301183333 0 I 0 0 0
SPAC56F8.04c 1 360 1 0 0.300466598 2.7 2698.7 56.51625687 0.0040439 NA 0 1 0 0 0 0 0 1133226 1134356 NA 57.48833333 0.532936685 I 1 0 0
SPAC56F8.14c 0 131 1 0 0.30441855 0.32 NA 27.64235643 0.0022231 NA 0 1 0 0 0 1 0 1148131 1152178 1.121618081 5.071166667 0 I 0 0 0
SPAC57A10.11c 1 313 1 0 0.366833406 5.7 5221.66 50.5641711 0.0023246 7112.3 0 1 0 0 0 0 0 1383532 1385287 NA 135.35 0.252531928 I 1 0 0
SPAC589.09 0 388 1 0 0.823501931 3.2 2332.41 30.72554779 0.0018764 451.1 0 1 0 0 0 0 0 3105882 3108318 1.027848597 60.15333333 0.399112127 I 0 0 0
SPAC589.11 1 182 1 0 0.82437478 0.22 NA 21.43558997 0.0063819 NA 0 1 0 0 0 0 0 3109174 3110015 1.075033187 3.575666667 0.1921417 I 0 0 0
SPAC5D6.10c 0 135 1 0 0.396300835 NA NA NA 0.0062387 NA 0 1 0 0 0 0 0 1494670 1495830 1.040823274 0.022276667 0.015390681 I 0 0 0
SPAC5D6.12 0 314 1 0 0.395674303 6.4 893.61 32.46817919 0.0069738 NA 0 1 0 0 0 0 0 1492307 1495689 NA 119.7333333 0.010331278 I 0 0 0
SPAC5H10.06c 0 379 1 0 0.041476272 6.7 17567.61 29.14940515 0.0020707 692.1 0 1 0 0 0 0 0 156430 158307 1.270530151 770.2533333 0.723957591 I 0 0 0
SPAC5H10.09c 0 267 1 0 0.042681876 1.6 3179.4 25.28135705 0.0021789 789.5 0 1 0 0 0 0 0 160977 161822 1.065810337 26.12 0.363 I 0 0 0
SPAC637.11 0 647 1 0 0.563009971 1.1 NA 16.76688208 0.0027034 NA 0 1 0 0 0 0 0 4558823 4561448 0.778747143 21.87166667 0.353525266 I 0 0 0
SPAC644.07 0 449 1 0 0.71219211 1.9 223.51 25.06413577 0.0019465 341.1 0 1 0 0 0 0 0 2686071 2687821 0.168399427 39.12666667 0.554469592 I 0 0 0
SPAC644.11c 3 425 1 0 0.713578011 2.5 3453.45 45.00308419 0.0027415 731.3 0 1 0 0 0 0 0 2691298 2693767 1.05988931 59.15833333 0.499684434 I 0 0 0
SPAC664.11 0 674 1 0 0.457598645 69 73780.23 70.65688792 0.002379 847.4 0 1 0 0 0 0 0 1725858 1728189 NA 1517.5 0.310883615 I 1 0 0
SPAC664.12c 1 79 1 0 0.458204231 0.58 2133.03 43.44097164 0.0018248 NA 0 1 0 0 0 0 0 1728142 1730784 1.027959542 15.34666667 0.056261103 I 0 0 0
SPAC664.15 0 651 1 0 0.459858456 1.7 463.49 19.39366047 0.0017912 837.1 0 1 0 0 0 0 0 1734381 1737307 1.003885299 28.04 0.321260138 I 0 0 0
SPAC683.03 0 105 1 0 0.765173749 0.045 NA NA 0.0041317 NA 0 1 0 0 0 0 0 4195642 4196021 1.167501641 0.062921667 0 I 0 0 0
SPAC6B12.12 0 625 1 0 0.64518021 9.8 16491.47 53.120244 0.0009328 887.7 0 1 0 0 0 0 0 2433332 2435623 0.417969215 239.4 0.575165351 I 0 0 0
SPAC6C3.03c 1 100 1 0 0.616774942 0.24 NA NA 0.0057816 NA 0 1 0 0 0 0 0 2326200 2328187 1.044200183 2.459283333 0.010158672 I 0 0 0
SPAC6C3.04 1 483 1 0 0.617190421 13 29657.6 39.08266084 0.0012319 852.2 0 1 0 0 0 0 0 2327767 2330289 1.018048072 234 0.475224465 I 0 0 0
SPAC6C3.05 0 269 1 0 0.618003348 0.18 NA NA 0.0032847 NA 0 1 0 0 0 0 0 2330833 2332240 1.070678721 3.244333333 0.178420792 I 0 0 0
SPAC6F12.07 3 152 1 0 0.350277631 8.3 17860.76 70.6241932 0.0009542 1304.2 0 1 0 0 0 0 0 1321091 1322357 NA 304.7666667 0.42375705 I 1 0 0
SPAC6F6.02c 0 348 1 0 0.724468747 0.61 NA 22.67123799 0 NA 0 1 0 0 0 0 0 2732373 2733967 1.045477714 13.01333333 0.391317655 I 0 0 0
SPAC6G10.08 0 439 1 0 0.856764877 13 37620.97 68.99799039 0.0027873 912 0 1 0 0 0 0 0 3231335 3232976 0.823640072 253.0833333 0.674323627 I 0 0 0
SPAC6G9.05 1 285 1 0 0.862562753 1.3 379.21 26.86634551 0.0015313 NA 0 1 0 0 0 0 0 3253202 3254430 1.093382021 23.78166667 0.414557616 I 0 0 0
SPAC7D4.08 0 96 1 0 0.69574796 0.1 NA NA 0.00301 NA 0 1 0 0 0 0 0 2624051 2625332 1.075025536 0.363433333 0.033311328 I 0 0 0
SPAC7D4.13c 1 312 1 0 0.692846238 0.76 NA 31.36679991 0.0023932 NA 0 1 0 0 0 0 0 2613107 2614473 1.10956597 20.37666667 0.01436108 I 0 0 0
SPAC806.05 1 125 1 0 0.064751559 1.1 NA 24.56689356 0.0034758 NA 0 1 0 0 0 0 0 244214 247574 NA 23.39666667 0.709358457 I 1 0 0
SPAC823.02 1 43 1 0 0.685076761 8.6 NA 112.21934 0.0066357 NA 0 1 0 0 0 0 0 2583804 2583973 1.044860851 422.2666667 0.465940945 I 0 0 0
SPAC823.13c 0 317 1 0 0.690445106 2 139.25 25.85338571 0.0018363 NA 0 1 0 0 0 0 0 2604051 2605296 1.056132244 48.74166667 0.415250278 I 0 0 0
SPAC824.03c 0 247 1 0 0.447759995 2.2 NA 21.50597787 0.0017683 NA 0 1 0 0 0 0 0 1688751 1690187 0.970442132 41.77166667 0.201135021 I 0 0 0
SPAC824.06 2 140 1 0 0.449391948 1.9 3827.42 32.83152818 0.0020707 638.1 0 1 0 0 0 0 0 1694906 1696484 NA 51.58 0.21822404 I 1 0 0
SPAC869.06c 0 203 1 0 0.041957779 NA NA 208.9609317 0 NA 0 1 0 0 0 0 0 5502560 5503291 1.103506549 0.210431667 0 I 0 0 0
SPAC8E11.10 0 255 1 0 0.894259767 16 26637.69 32.51912803 0.0011405 648.1 0 1 0 0 0 0 0 3372749 3375005 1.033431497 324.0333333 0.173070774 I 0 0 0
SPAC8F11.05c 1 241 1 0 0.75853322 0.056 NA NA 0.0006032 NA 0 1 0 0 0 0 0 NA NA NA NA NA I 0 0 0
SPAC8F11.05c 1 241 1 0 0.75853322 0.056 NA NA 0.0006032 NA 0 1 0 0 0 0 0 2860849 2861815 1.048149836 1.5484 0.438257492 I 0 0 0
SPAC9.12c 1 291 1 0 0.394221321 1.9 1682.55 36.55599317 0.0030414 784.1 0 1 0 0 0 0 0 1486827 1488388 0.9152737 41.85166667 0.248504208 I 0 0 0
SPAC9G1.04 2 374 1 0 0.523713037 1.2 3196.2 32.17115312 0.0007786 653.1 0 1 0 0 0 0 0 1975212 1976603 1.011012957 31.65 0.38055176 I 0 0 0
SPACUNK4.19 0 109 1 0 0.762273588 0.23 NA NA 0.0132714 NA 0 1 0 0 0 0 0 2874956 2877487 1.117046917 1.148783333 0.031615548 I 0 0 0
SPAP14E8.04 0 337 1 0 0.510824981 0.54 NA 26.32940005 0.0034553 NA 0 1 0 0 0 0 0 1926604 1927914 1.124060676 10.02866667 0.504567506 I 0 0 0
SPAP27G11.02 0 356 1 0 0.427217799 1.8 2380.77 54.80059853 0.0036803 626.6 0 1 0 0 0 0 0 1611275 1612704 1.06257544 35.11833333 0.420532558 I 0 0 0
SPAP27G11.14c 0 689 1 0 0.433698152 0.79 NA 21.19511148 0.0049209 NA 0 1 0 0 0 0 0 1635716 1638440 NA 14.99 0 I 0 0 0
SPAP8A3.10 1 171 1 0 0.135167536 3.2 NA 46.24573012 0 393.9 0 1 0 0 0 0 0 5334103 5334807 NA 103.6833333 0.470540496 I 1 0 0
SPAP8A3.11c 1 419 1 0 0.134274076 1.3 100 39.18318447 0.0034897 1059.7 0 1 0 0 0 0 0 5334899 5336422 NA 26.44166667 0.482593727 I 1 0 0
SPAP8A3.14c 0 677 1 0 0.128939316 1.2 823.82 25.45051427 0.0034451 NA 0 1 0 0 0 0 0 5343695 5346065 NA 22.41 0 I 0 0 0
SPAPB17E12.03 2 343 1 0 0.33717693 0.5 520.66 20.59123071 0.0012731 NA 0 1 0 0 0 0 0 1271681 1273892 1.058290016 8.786166667 0.547346993 I 0 0 0
SPAPB17E12.12c 0 317 1 0 0.340548485 0.55 NA 24.89390731 0.0013772 NA 0 1 0 0 0 0 0 1284397 1285586 1.153228879 11.37166667 0.517050895 I 0 0 0
SPAPB1A10.03 1 115 1 0 0.494057092 0.49 NA 35.39211966 0.0012585 NA 0 1 0 0 0 0 0 1863363 1863762 1.035875771 16.66 0.175756757 I 0 0 0
SPAPB1A10.11c 0 526 1 0 0.499078099 0.99 343.8 36.53106158 0.0022161 1167.5 0 1 0 0 0 0 0 1882300 1884414 NA 19.11166667 0.373221274 I 1 0 0
SPAPB1A10.12c 1 461 1 0 0.499621111 6.6 13551.37 58.59901174 0.0031599 1042.5 0 1 0 0 0 0 0 1884348 1886451 0.9957421 108.0166667 0.414596679 I 0 0 0
SPAPB1E7.11c 1 319 1 0 0.879421586 1.9 NA 32.70247511 0.0041058 675.8 0 1 0 0 0 0 0 3316786 3319038 1.065067152 38.27833333 0.193551675 I 0 0 0
SPAPB2B4.02 1 146 1 0 0.718019681 4.2 10366.62 49.24419181 0.0029793 525.8 0 1 0 0 0 0 0 2708050 2709309 0.971756842 114.135 0.260847442 I 1 0 0
SPAPB2B4.06 3 255 1 0 0.721895537 0.7 NA 40.70454109 0 NA 0 1 0 0 0 0 0 2722668 2724062 1.110688116 23.82666667 0.315350459 I 0 0 0
SPAPB8E5.10 2 73 1 0 0.360147468 0.049 NA NA 0 NA 0 1 0 0 0 0 0 4926480 4928138 1.029148827 3.0118 0.43475969 I 0 0 0
SPAPJ691.03 2 86 1 0 0.215032925 4.9 NA 83.76757823 0.001678 864 0 1 0 0 0 0 0 5189537 5190444 1.054191169 152.145 0.254321205 I 0 0 0
SPBC106.07c 0 167 1 0 0.236753052 5.6 NA 45.40736522 0.0043448 NA 0 1 0 0 0 0 0 384370 387219 NA 121.8833333 0.419243927 II 0 0 0
SPBC106.17c 0 504 1 0 0.252983358 15 40045.98 27.8220363 0.0028908 807.5 0 1 0 0 0 0 0 410720 412795 0.672236744 124.5066667 0.679944253 II 0 0 0
SPBC115.02c 0 454 1 0 0.392588632 1 1831.41 30.5969343 0.004171 NA 0 1 0 0 0 0 0 637370 639291 1.038495433 19.98833333 0.580334619 II 0 0 0
SPBC119.17 1 992 1 0 0.462406052 3.6 7497.66 40.93875099 0.0026463 571.4 0 1 0 0 0 0 0 750719 754123 NA 76.41166667 0.521375239 II 1 0 0
SPBC1198.10c 2 441 1 0 0.116284757 0.73 NA 20.56896494 0.0052845 NA 0 1 0 0 0 0 0 188789 191818 NA 17.57666667 0.54853122 II 1 0 0
SPBC1198.12 1 421 1 0 0.119912091 0.063 NA NA 0.0024216 NA 0 1 0 0 0 0 0 194678 195989 1.040981019 0.253583333 0.498796664 II 0 0 0
SPBC11B10.04c 0 288 1 0 0.918739444 1.5 1577.07 39.7918501 0.0030308 1408.7 0 1 0 0 0 0 0 1491579 1492989 NA 53.59166667 0.434919955 II 1 0 0
SPBC11B10.10c 0 139 1 0 0.925283307 3.9 NA 33.46936253 0.0020707 287.9 0 1 0 0 0 1 0 1502203 1503468 0.84228764 68.01666667 0.296195283 II 0 0 0
SPBC11C11.06c 0 178 1 0 0.404494328 14 17226.16 44.86346482 0.0032744 364.6 0 1 0 0 0 0 0 3359121 3360178 1.103760624 337.2166667 0.222194143 II 0 0 0
SPBC1215.01 1 290 1 0 0.927111449 1.3 3942.26 44.37411904 0.0040133 NA 0 1 0 0 0 0 0 1505171 1509451 1.035349729 24.635 0.475113413 II 0 0 0
SPBC1271.11 4 258 1 0 0.212408824 0.63 171.49 38.56913065 0.0050729 NA 0 1 0 0 0 0 0 344847 346528 1.100677559 18.42333333 0.584076336 II 0 0 0
SPBC1271.13 1 207 1 0 0.209852012 3.4 NA 36.99875999 0.0014037 204.8 0 1 0 0 0 0 0 340696 341753 NA 92.23666667 0.568062319 II 1 0 0
SPBC1271.14 0 445 1 0 0.207175705 3.9 18718.42 51.47178751 0.0026186 1027.1 0 1 0 0 0 0 0 336351 338426 1.019013867 63.89333333 0.664454939 II 0 0 0
SPBC1271.15c 0 686 1 0 0.205431332 1.1 470.64 22.23914361 0.0053383 899 0 1 0 0 0 0 0 333519 336676 NA 17.36333333 0.55824894 II 0 0 0
SPBC1289.06c 1 481 1 0 0.04948877 2.2 3687.45 23.49210443 0.0006057 676.1 0 1 0 0 0 0 0 4393610 4395480 0.70367145 46.32333333 0.287552783 II 0 0 0
SPBC1289.09 0 223 1 0 0.047801356 6.1 4263.44 31.44390819 0.0013034 617.9 0 1 0 0 0 0 0 4399249 4400401 1.01051346 111.91 0.345126009 II 0 0 0
SPBC12C2.01c 0 318 1 0 0.705636392 1.2 NA 23.54004172 0.0018305 NA 0 1 0 0 0 0 0 2480502 2481958 0.813701947 25.43833333 0.065410106 II 0 0 0
SPBC12D12.05c 1 426 1 0 0.762527355 2.5 NA 27.75566802 0.0041026 NA 0 1 0 0 0 0 0 2314207 2316047 1.068651001 58.59166667 0.529619437 II 0 0 0
SPBC12D12.07c 1 133 1 0 0.761658445 2.1 7192.4 58.66240663 0.0047864 636.4 0 1 0 0 0 0 0 2317361 2318581 0.700498201 62.94 0.173072765 II 0 0 0
SPBC1306.01c 0 770 1 0 0.725513795 5.2 5594.72 47.66269212 0.0018935 721.9 0 1 0 0 0 0 0 1177876 1180530 NA 76.34333333 0.579225385 II 1 0 0
SPBC1347.11 0 106 1 0 0.156570419 8.4 NA 17.76165622 0.0027287 NA 0 1 0 0 0 0 0 4081869 4083198 1.059965164 149.3333333 0.039152154 II 0 0 0
SPBC13E7.04 0 167 1 0 0.511654845 4.3 48842.07 73.05400735 0.0018135 654.1 0 1 0 0 0 0 0 3046543 3047666 NA 115.8666667 0.254278947 II 0 0 0
SPBC13E7.11 0 298 1 0 0.507344243 1.1 2482.97 33.21138108 0.0024412 NA 0 1 0 0 0 0 0 3058889 3060237 0.919414868 20.62833333 0.434128492 II 0 0 0
SPBC13G1.01c 1 327 1 0 0.277913643 3.3 1890.17 53.08944789 0.0044553 1350.3 0 1 0 0 0 0 0 3728195 3729325 NA 67.10666667 0.557093071 II 1 0 0
SPBC146.02 0 263 1 0 0.6163907 0.42 NA 25.32075662 0.0022119 NA 0 1 0 0 0 0 0 1000714 1002162 1.026818744 7.1815 0 II 0 0 0
SPBC146.12 0 479 1 0 0.629485201 2.8 3919.33 37.63259337 0.0025008 686.6 0 1 0 0 0 0 0 1021973 1024021 NA 60.06166667 0.419975937 II 1 0 0
SPBC1539.01c 0 210 1 0 0.060357343 2.6 1200.9 32.60810106 0 586.5 0 1 0 0 0 0 0 4362882 4363784 NA 91.02333333 0.099203333 II 1 0 0
SPBC15D4.11c 2 263 1 0 0.517221834 0.39 NA 23.86164676 0.0005572 759 0 1 0 0 0 0 0 3030371 3031431 NA 7.6455 0.40012743 II 1 0 0
SPBC15D4.12c 1 113 1 0 0.516982489 0.2 NA 24.01718132 0.0012806 NA 0 1 0 0 0 0 0 3031750 3032129 1.149225362 4.658666667 0.389789617 II 0 0 0
SPBC1604.02c 0 697 1 0 0.20831033 1.7 259.64 22.90247671 0.0039738 NA 0 1 0 0 0 0 0 3928130 3932309 0.804413773 28.97833333 0.402972914 II 0 0 0
SPBC1604.04 2 283 1 0 0.21067703 7.5 3406.23 44.81378471 0.0023172 2773.1 0 1 0 0 0 0 0 3923954 3925407 1.081752296 80.11333333 0.336270597 II 0 0 0
SPBC1604.07 1 244 1 0 0.212504346 11 27661.12 64.87283453 0.0017876 711.3 0 1 0 0 0 0 0 3918404 3920078 0.157073042 289.4833333 0.313141494 II 0 0 0
SPBC1604.11 1 96 1 0 0.215063755 6.2 33579.55 74.54315747 0.001505 NA 0 1 0 0 0 0 0 3911713 3912614 NA 189.5666667 0.175860353 II 0 0 0
SPBC1604.13c 0 103 1 0 0.216395238 1.3 NA 45.84362348 0.0028074 NA 0 1 0 0 0 0 0 3907817 3908731 NA 51.55833333 0.199108289 II 1 0 0
SPBC16A3.03c 0 658 1 0 0.083591937 1.4 NA 21.4115884 0.0037659 NA 0 1 0 0 0 0 0 4293219 4296025 0.925014642 22.64333333 0 II 0 0 0
SPBC16A3.04 0 220 1 0 0.08496011 3.7 3959.79 39.49235747 0.0026423 643.9 0 1 0 0 0 0 0 4290896 4292035 NA 105.76 0.349197917 II 1 0 0
SPBC16A3.19 2 272 1 0 0.095435034 1.5 581.01 26.16477617 0 NA 0 1 0 0 0 1 0 4259812 4261487 0.932239226 34.46666667 0.057625624 II 0 0 0
SPBC16C6.05 1 190 1 0 0.069719898 4.1 3921.17 69.92173413 0.002293 815.1 0 1 0 0 0 0 0 4335569 4336480 1.014538126 113.2283333 0.442390766 II 0 0 0
SPBC16C6.08c 4 214 1 0 0.066589903 25 39195.05 73.45022763 0.0027202 1222.4 0 1 0 0 0 0 0 4344357 4345608 1.137460634 938.5833333 0.37125884 II 0 0 0
SPBC16E9.03c 0 249 1 0 0.897702841 0.44 1559.11 23.93791464 0.0052555 684.1 0 1 0 0 0 0 0 1920391 1921835 1.070098631 11.775 0.187473189 II 0 0 0
SPBC16E9.07 0 313 1 0 0.895470216 0.37 NA 19.92241904 0.0051141 NA 0 1 0 0 0 0 0 1926374 1928346 0.964383547 8.666833333 0.008096585 II 0 0 0
SPBC16E9.18 0 437 1 0 0.885517529 2.7 851.73 33.30891991 0.0016665 NA 0 1 0 0 0 0 0 1955636 1957371 0.997427413 65.32833333 0.443499685 II 0 0 0
SPBC16G5.03 0 268 1 0 0.109765532 0.64 NA 22.44543681 0.0032562 NA 0 1 1 0 0 1 0 4218442 4219695 1.094830912 14.22666667 0.188336207 II 0 0 0
SPBC16G5.04 1 157 1 0 0.10944972 4.6 5591.29 44.11879037 0.000924 646 0 1 0 0 0 0 0 4219752 4220616 NA 99.20166667 0.467597544 II 1 0 0
SPBC16G5.07c 2 354 1 0 0.107686526 1.8 3836.31 36.44481486 0.0020561 708.3 0 1 0 0 0 0 0 4223952 4225758 1.153409146 41.23333333 0.37775525 II 0 0 0
SPBC16G5.12c 5 622 1 0 0.104026406 1.4 NA 23.64436057 0.0023433 NA 0 1 0 0 0 0 0 4233868 4236432 NA 24.73 0.563598768 II 1 0 0
SPBC16H5.06 0 228 1 0 0.771397505 19 41004.66 72.33648654 0.0019125 NA 0 1 0 0 0 0 0 2288882 2290179 1.056434669 449.6 0.469179226 II 0 0 0
SPBC1703.08c 4 204 1 0 0.551560917 1 NA 51.63297087 0.0049849 720.4 0 1 0 0 0 0 0 2929485 2931288 1.035411839 26.94833333 0.448659546 II 0 0 0
SPBC1703.09 1 202 1 0 0.551100402 0.93 NA 24.08337763 0.0014383 NA 0 1 0 0 0 0 0 2931361 2932631 NA 20.84333333 0.017616702 II 0 0 0
SPBC1703.13c 0 311 1 0 0.548137399 14 61217.24 61.5536806 0.0009358 1587.5 0 1 0 0 0 0 0 2939886 2941272 0.548090087 271.15 0.604727051 II 0 0 0
SPBC1709.09 0 244 1 0 0.688854861 0.55 4779.56 38.24335099 0.0035752 761.6 0 1 0 0 0 0 0 1118360 1119457 0.625357832 12.71666667 0.151861357 II 0 0 0
SPBC1709.19c 0 260 1 0 0.700097197 3.5 4142.58 44.83930832 0.0039153 561.8 0 1 0 0 0 0 0 1136612 1137771 1.09485821 84.75666667 0.4482 II 0 0 0
SPBC1734.13 1 301 1 0 0.668821674 15 7266.07 76.1681238 0.0014502 792 0 1 0 0 0 0 0 1085836 1087137 0.969808544 384.4 0.51975021 II 0 0 0
SPBC17A3.01c 0 452 1 0 0.862200694 6.5 2415.26 22.35018926 0.0016113 874.8 0 1 0 0 0 0 0 1399788 1401863 NA 104.1683333 0.466956843 II 1 0 0
SPBC17A3.02 4 119 1 0 0.864256122 1.4 2223.47 48.48805732 0 NA 0 1 0 0 0 0 0 1403125 1404185 1.127759759 55.11333333 0.291223275 II 0 0 0
SPBC17A3.07 1 464 1 0 0.87111104 6.1 32278.38 43.05606315 0.0015697 862.5 0 1 0 0 0 0 0 1414254 1416156 NA 157.0666667 0.655099812 II 1 0 0
SPBC17G9.13c 0 317 1 0 0.803010186 1.3 NA 15.13580462 0.0041317 NA 0 1 0 0 0 0 0 2196424 2197987 NA 8.9685 0 II 1 0 0
SPBC18E5.10 1 452 1 0 0.838025469 0.59 NA NA 0.0022558 NA 0 1 0 0 0 0 0 2092713 2095872 0.986544183 11.1305 0.485103981 II 0 0 0
SPBC18E5.12c 0 502 1 0 0.837282404 2.9 6613.81 27.03699543 0.0023594 820.7 0 1 0 0 0 0 0 2096447 2098039 NA 50.59333333 0.576296556 II 1 0 0
SPBC18E5.13 0 233 1 0 0.83666724 1.1 306.37 39.72090789 0.0056148 233.9 0 1 0 0 0 0 0 2098755 2099833 NA 26.97833333 0.00975 II 0 0 0
SPBC18H10.11c 0 432 1 0 0.942630348 0.31 NA 31.08587044 0.0077544 NA 0 1 0 0 0 0 0 1789291 1790813 0.54113178 6.932333333 0.004814419 II 0 0 0
SPBC18H10.17c 0 175 1 0 0.938963714 5.7 2081.03 40.0947235 0.0016589 1138.4 0 1 0 0 0 0 0 1800125 1801506 NA 116.035 0.167712314 II 1 0 0
SPBC1921.04c 0 117 1 0 0.729812934 NA NA NA 0.0012407 NA 0 1 0 0 0 0 0 2410996 2411452 1.055369316 0.058065 0.399144254 II 0 0 0
SPBC19C2.11c 0 452 1 0 0.974010201 3 NA 20.06743101 0.0019336 NA 0 1 0 0 0 0 0 1697447 1699300 NA 41.56833333 0.436489331 II 1 0 0
SPBC19C2.12 2 145 1 0 0.973439271 1.9 2713.01 47.48457003 0.0039996 514.3 0 1 0 0 0 0 0 1699978 1700965 NA 40.13166667 0.40416453 II 1 0 0
SPBC19C7.09c 0 599 1 0 0.582608499 1.5 NA 19.72664914 0.0046229 NA 0 1 0 0 0 1 0 2837572 2840744 1.195083923 30.50833333 0.206670626 II 0 0 0
SPBC19F8.04c 0 230 1 0 0.447139833 1.1 NA 28.00114649 0.0037918 NA 0 1 0 0 0 0 0 3234645 3235811 1.101898097 24.86666667 0.266859966 II 0 0 0
SPBC19F8.05 0 218 1 0 0.445076601 1.5 2788.43 15.58674771 0.0059994 707.4 0 1 0 0 0 0 0 3238083 3241828 NA 31.31 0.138955176 II 1 0 0
SPBC19G7.07c 1 687 1 0 0.746223123 2 NA 30.10958572 0.0044559 682.6 0 1 0 0 0 0 0 2359374 2363595 1.022281325 41.66333333 0.139493025 II 0 0 0
SPBC19G7.18c 2 252 1 0 0.742919962 0.86 NA 45.0730712 0.0046161 NA 0 1 0 0 0 0 0 2372008 2373228 1.013178036 27.03333333 0.011081155 II 0 0 0
SPBC1E8.05 0 317 1 0 0.880227261 33 NA 26.042619 0.0037755 NA 0 1 0 0 0 0 0 1970612 1972799 NA 612.6 0.316297756 II 0 0 0
SPBC21.07c 1 461 1 0 0.449562768 0.32 NA 20.64527503 0.0012639 NA 0 1 0 0 0 0 0 3226567 3228745 1.071224678 6.813666667 0.193352437 II 0 0 0
SPBC211.01 1 228 1 0 0.228709137 2.1 1652.71 24.67955544 0.0032441 576.8 0 1 0 0 0 0 0 3870132 3872820 NA 46.23333333 0.499990654 II 1 0 0
SPBC215.08c 0 1160 1 0 0.169505311 37 59302 47.00489056 0.0013832 925.7 0 1 0 0 0 0 0 4041439 4045476 1.003566447 383.9666667 0.445262997 II 0 0 0
SPBC21B10.12 1 182 1 0 0.991028009 0.38 NA 31.78018658 0.0031909 NA 0 1 0 0 0 0 0 1648948 1649671 1.068250592 12.83333333 0.201814286 II 0 0 0
SPBC21C3.03 1 692 1 0 0.252146728 1.3 NA 21.02770318 0.0028116 NA 0 1 0 0 0 0 0 3801900 3804469 1.095626395 16.68666667 0.376070285 II 0 0 0
SPBC21C3.04c 0 108 1 0 0.251930358 2.6 NA 33.22549325 0.0013393 NA 0 1 0 0 0 0 0 3803224 3805100 NA 66.76666667 0.424756351 II 1 0 0
SPBC21D10.12 1 466 1 0 0.726035542 6.3 5939.25 48.11317383 0.001563 792.8 0 1 0 0 0 0 0 2420263 2422468 1.060419802 153.2833333 0.411239963 II 0 0 0
SPBC24C6.03 0 425 1 0 0.759500915 1.6 3880.61 41.5295431 0.0034269 497.8 0 1 0 0 0 0 0 2322711 2324873 NA 36.84833333 0.400480975 II 1 0 0
SPBC25B2.04c 1 328 1 0 0.663136963 0.59 304.43 23.12752363 0.0035498 NA 0 1 0 0 0 0 0 2604587 2605899 0.650906082 15.55833333 0.433568182 II 0 0 0
SPBC25B2.11 2 463 1 0 0.658481403 0.74 NA 16.06090134 0.0028316 NA 0 1 0 0 0 0 0 2617862 2619476 1.085417014 14.71833333 0.429317851 II 0 0 0
SPBC25D12.05 0 548 1 0 0.279349367 2.8 10185.03 32.58941758 0.0026591 729 0 1 0 0 0 1 0 3723013 3725138 1.072591748 58.80166667 0.554220723 II 0 0 0
SPBC25D12.06 0 585 1 0 0.278240427 1.4 231.87 26.1778063 0.0012896 NA 0 1 0 0 0 0 0 3725278 3728372 0.1438493 27.985 0.306343962 II 0 0 0
SPBC25H2.04c 0 175 1 0 0.433087771 1.1 NA 19.72271447 0 NA 0 1 0 0 0 0 0 3275640 3276791 NA 27.745 0.380423668 II 1 0 0
SPBC25H2.08c 0 422 1 0 0.434805359 0.88 NA 23.11640844 0.0041414 NA 0 1 0 0 0 0 0 3269923 3271782 0.94535867 14.15733333 0.380821674 II 0 0 0
SPBC26H8.12 0 377 1 0 0.192521135 2.9 32068.89 29.97723787 0.0034758 580.7 0 1 0 0 0 0 0 3976620 3978355 NA 58.13833333 0.118804394 II 0 0 0
SPBC27B12.02 0 112 1 0 0.815225198 1.4 NA 60.49116141 0 336.9 0 1 0 0 0 0 0 1323523 1324374 NA 27.52166667 0.031248739 II 1 0 0
SPBC27B12.07 2 290 1 0 0.821677284 2 NA 24.81475492 0.0025083 469.1 0 1 0 0 0 0 0 1333998 1335608 1.095437205 46.52666667 0.359835135 II 0 0 0
SPBC27B12.09c 0 277 1 0 0.826360974 0.96 NA 30.01768838 0.0021005 NA 0 1 0 0 0 0 0 1341602 1343112 0.324604218 19.13333333 0.409922525 II 0 0 0
SPBC27B12.13 0 344 1 0 0.835357553 13 38259.96 44.28968445 0.0012694 794 0 1 0 0 0 0 0 1356208 1357927 NA 228.7 0.529887553 II 1 0 0
SPBC27B12.14 2 72 1 0 0.830439185 2.9 NA 53.64284954 0 2156.6 0 1 0 0 0 0 0 1348223 1349882 1.039299277 131.3666667 0.031947498 II 0 0 0
SPBC28E12.04 0 356 1 0 0.924048571 1.1 NA 25.47201971 0.0024535 NA 0 1 0 0 0 0 0 1843288 1845003 1.066928278 23.23 0.046074045 II 0 0 0
SPBC29A10.13 0 175 1 0 0.676014934 8.8 14159.63 65.76702122 0.0016589 677.2 0 1 0 0 0 0 0 2567522 2568343 0.209455458 251.1 0.493297218 II 0 0 0
SPBC29A3.10c 4 103 1 0 0.851112952 5.7 14845.03 88.8967792 0.0014037 515.8 0 1 0 0 0 0 0 2056588 2057705 NA 225.75 0.351772118 II 0 0 0
SPBC29A3.11c 0 297 1 0 0.850442925 1.8 869.45 27.1569301 0.0029393 NA 0 1 0 0 0 0 0 2057656 2059659 1.10350067 19.065 0.313092777 II 0 0 0
SPBC29A3.15c 0 476 1 0 0.847597536 3.5 11079.82 33.32483921 0.0012242 907.4 0 1 0 0 0 0 0 2066187 2067957 NA 67.71166667 0.389811824 II 1 0 0
SPBC29A3.18 1 307 1 0 0.845270957 17 25648.78 53.50993069 0.000474 811.6 0 1 0 0 0 0 0 2073253 2074742 1.126152193 351.45 0.575490196 II 0 0 0
SPBC2A9.07c 3 246 1 0 0.54158217 2.2 1328.87 46.36836386 0.0044746 3139 0 1 0 0 0 1 0 2958679 2960389 1.075762641 48.08 0.26515739 II 0 0 0
SPBC2D10.07c 2 157 1 0 0.535039629 1.7 NA 30.45786906 0.0036958 NA 0 1 0 0 0 0 0 2978736 2979469 NA 64.525 0.577180952 II 0 0 0
SPBC2D10.08c 0 261 1 0 0.534704615 2.6 4442.81 27.21807152 0.0033432 497.4 0 1 0 0 0 0 0 2979661 2980446 NA 56.485 0.540657967 II 1 0 0
SPBC2D10.18 0 610 1 0 0.526876197 1.9 3005.7 30.97636238 0.0023893 679.9 0 1 0 0 0 0 0 3001076 3003276 NA 33.34 0.54635036 II 1 0 0
SPBC2F12.02c 0 287 1 0 0.960020889 3.5 10092.16 32.74392121 0.0010138 743 0 1 0 0 0 0 0 1738568 1740097 NA 56.23166667 0.332894035 II 1 0 0
SPBC2F12.10 1 308 1 0 0.966573375 2.8 3729.06 39.61151299 0.0019675 NA 0 1 0 0 0 0 0 1719225 1720988 NA 65.19166667 0.197931737 II 1 0 0
SPBC2F12.12c 4 517 1 0 0.968647923 1 614.18 29.07963573 0.0025496 NA 0 1 0 0 0 1 0 1712841 1714938 0.582402689 19.65166667 0.352459755 II 0 0 0
SPBC2G2.08 1 972 1 0 0.372745858 5.2 11996.19 42.14657493 0.003311 983 0 1 0 0 0 0 0 3448865 3452766 1.18330707 88.59 0.563470916 II 0 0 0
SPBC2G2.15c 4 218 1 0 0.368798045 0.39 NA 29.11482796 0.0026664 NA 0 1 0 0 0 0 0 3462585 3464279 1.095745903 9.103 0.330503443 II 0 0 0
SPBC2G5.06c 0 459 1 0 0.668261268 21 91063.74 34.3365411 0.0015868 1155.3 0 1 0 0 0 0 0 2589004 2590955 0.718475432 320.7 0.502103609 II 1 0 0
SPBC30B4.06c 0 666 1 0 0.810726908 1.9 215.89 41.28683751 0.0037208 208.4 0 1 0 0 0 0 0 1316220 1318472 0.614879244 31.125 0.505793337 II 0 0 0
SPBC30D10.04 1 181 1 0 0.496588826 1 NA 37.66579205 0.0016042 473.7 0 1 0 0 0 0 0 3090859 3091603 0.798943542 25.575 0.369876304 II 0 0 0
SPBC30D10.08 0 270 1 0 0.498693206 1.3 188.84 42.73548744 0.0011331 963.4 0 1 0 0 0 0 0 3084277 3085466 NA 27.10833333 0.354993127 II 1 0 0
SPBC30D10.12c 2 93 1 0 0.502363613 3.8 940.9 NA 0.001553 674.9 0 1 0 0 0 0 0 3072290 3074762 NA 97.44333333 0.521252024 II 1 0 0
SPBC30D10.13c 0 366 1 0 0.503304532 13 63024.32 62.67605998 0.0007956 746.1 0 1 0 0 0 0 0 3070316 3072018 1.16595237 268.2 0.506410144 II 0 0 0
SPBC31F10.15c 1 67 1 0 0.258984164 6.3 15789.25 75.13492649 0.0042937 859.7 0 1 0 0 0 0 0 3783856 3784529 1.061838248 256.8166667 0.276425121 II 0 0 0
SPBC32F12.04 6 446 1 0 0.598573945 1.5 NA 28.44222458 0.0032683 3352.2 0 1 0 0 0 0 0 2791160 2794184 NA 32.13333333 0.540240153 II 1 0 0
SPBC336.13c 2 180 1 0 0.60849097 1.4 NA 33.50744698 0 NA 0 1 0 0 0 0 0 2764129 2765263 0.753669449 31.54 0.28661991 II 0 0 0
SPBC337.14 3 135 1 0 0.650154049 9.1 3204.5 62.8577417 0.0010734 573.1 0 1 0 0 0 1 0 1055529 1056502 NA 246.4166667 0.493628362 II 1 0 0
SPBC337.15c 0 216 1 0 0.650746594 4.7 7108.14 53.1842898 0.0020182 458.7 0 1 0 0 0 0 0 1056491 1057512 NA 102.4216667 0.419763713 II 1 0 0
SPBC36.04 1 351 1 0 0.522283256 20 62342.41 65.21297125 0.0020737 846.2 0 1 0 0 0 0 0 847930 849485 0.757548323 310.3166667 0.461183689 II 1 0 0
SPBC365.02c 0 387 1 0 0.698528065 0.99 NA 24.38035352 0.0007525 NA 0 1 0 0 0 0 0 2501202 2502688 NA 19.14333333 0.518865337 II 0 0 0
SPBC365.16 0 277 1 0 0.688403586 8.4 4229.37 21.71847827 0.0021005 NA 0 1 0 0 0 0 0 2529641 2532214 0.895329645 42.64 0.268604307 II 0 0 0
SPBC36B7.04 0 399 1 0 0.736826963 1.7 1685.7 39.2630213 0.0025547 NA 0 1 0 0 0 1 0 2389462 2390997 1.114028348 36.55 0.596863004 II 0 0 0
SPBC3B8.01c 1 469 1 0 0.391116751 2.8 1232.06 35.70517708 0.0024849 502.7 0 1 0 0 0 0 0 3397303 3399191 NA 60.43833333 0.413564074 II 1 0 0
SPBC3B9.04 0 248 1 0 0.186266973 0.84 NA 30.22376029 0.0011726 NA 0 1 0 0 0 0 0 3995407 3996594 1.040308651 26.33666667 0.43559204 II 0 0 0
SPBC3B9.17 1 205 1 0 0.177861453 0.45 2111.21 74.14765857 0.0035491 1127.6 0 1 0 0 0 0 0 4020198 4021107 NA 13.60166667 0.256608696 II 1 0 0
SPBC3E7.05c 2 550 1 0 0.642021494 4.2 11405.23 35.70187921 0.0021196 753 0 1 0 0 0 0 0 2665294 2667478 0.898489362 104.51 0.133485043 II 0 0 0
SPBC3E7.16c 0 584 1 0 0.634063117 37 36174.77 42.64238317 0.0019964 747.7 0 1 0 0 0 0 0 2688416 2690687 1.101667523 422.15 0.645320694 II 0 0 0
SPBC3H7.03c 0 1009 1 0 0.910608244 7.9 17875.81 44.27562897 0.0010118 935.2 0 1 0 0 0 0 0 1879006 1884199 0.89703982 104.3533333 0.456624125 II 1 0 0
SPBC3H7.05c 0 357 1 0 0.9135373 1.9 NA 28.46173767 0.0004078 NA 0 1 0 0 0 0 0 1873513 1875657 1.014459291 36.66833333 0.016835637 II 0 0 0
SPBC3H7.08c 2 120 1 0 0.915369417 0.34 NA 58.88824366 0.002413 NA 0 1 0 0 0 0 0 1868936 1870314 NA 5.6525 0.18046627 II 0 0 0
SPBC4.06 0 462 1 0 0.736669282 7.3 16332.07 42.58059926 0.0015765 985.4 0 1 0 0 0 0 0 1195987 1197756 1.125565981 123.25 0.533571751 II 0 0 0
SPBC409.14c 0 90 1 0 0.718519057 2.2 1249.96 47.597776 0.0016042 827.4 0 1 0 0 0 0 0 1166520 1167359 NA 51.60666667 0.181652568 II 1 0 0
SPBC428.10 0 845 1 0 0.283849274 1.2 589.49 25.55041653 0.0064063 NA 0 1 0 0 0 0 0 460831 464017 1.062288027 20.39166667 0 II 0 0 0
SPBC428.17c 2 602 1 0 0.292314288 1.1 NA 22.78069432 0.002421 NA 0 1 0 0 0 1 0 474574 476783 1.048355505 22.87333333 0.5075 II 0 0 0
SPBC428.18 0 444 1 0 0.293924999 1.3 NA 21.35157689 0.0039367 NA 0 1 0 0 0 1 0 477189 478738 NA 24.20166667 0.537178 II 1 0 0
SPBC4B4.02c 0 573 1 0 0.38559331 1 282.47 25.79275654 0.0025433 NA 0 1 0 0 0 0 0 3412999 3415299 1.010289323 18.77333333 0.360546066 II 0 0 0
SPBC4B4.11 1 113 1 0 0.377977834 1.1 1085.39 48.10508734 0.0038417 348 0 1 0 0 0 0 0 3433534 3437508 NA 31.95166667 0.354256425 II 0 0 0
SPBC4F6.08c 2 55 1 0 0.630323787 1.9 NA NA 0 NA 0 1 0 0 0 0 0 2700735 2701592 0.972064943 80.035 0.193267066 II 0 0 0
SPBC530.10c 0 322 1 0 0.499573146 48 27770.59 41.2153088 0.0018079 1823.2 0 1 0 0 0 0 0 811060 812897 NA 833.4 0.273482619 II 0 0 0
SPBC543.09 0 773 1 0 0.075758719 4.9 5115.41 40.31470759 0.0013203 809.2 0 1 0 0 0 0 0 4315809 4318869 0.410628462 79.20666667 0.473022931 II 0 0 0
SPBC56F2.12 0 404 1 0 0.154858317 110 318706.4 75.85951531 0.0018023 844.2 0 1 0 0 0 0 0 4086673 4088191 0.590440076 2504.333333 0.795711368 II 0 0 0
SPBC582.09 3 238 1 0 0.267822232 5.2 17725.63 88.05479912 0.0018325 1169.7 0 1 0 0 0 0 0 434811 436173 1.074476089 191.4666667 0.566155738 II 0 0 0
SPBC609.02 0 348 1 0 0.472126991 0.27 NA 28.96338289 0.0020915 NA 0 1 0 0 0 0 0 3161728 3162941 1.238789945 5.789166667 0.333339266 II 0 1 0
SPBC660.08 1 424 1 0 0.129199399 2.2 NA 19.10941119 0.0055298 NA 0 1 0 0 0 0 0 209756 211172 NA 38.93833333 0.631218487 II 0 0 0
SPBC660.10 1 813 1 0 0.130812575 1.2 NA 25.23303197 0.0034075 NA 0 1 0 0 0 0 0 212375 214899 1.016588364 15.64 0.515465416 II 0 0 0
SPBC691.04 0 535 1 0 0.880009067 2.6 3969.4 26.36817351 0.0040854 1574.3 0 1 0 0 0 0 0 1428700 1430679 0.198116929 34.46833333 0.044566986 II 0 0 0
SPBC713.03 1 526 1 0 0.536597339 6.2 20950.7 45.60542576 0.0013895 985.1 0 1 0 0 0 0 0 871169 873408 1.088942945 122.1816667 0.148601481 II 0 0 0
SPBC713.08 0 71 1 0 0.543424539 2 NA 33.91506469 0.0020276 NA 0 1 0 0 0 0 0 882253 883915 0.44824869 54.35 0.078344242 II 0 0 0
SPBC713.10 1 128 1 0 0.54602878 1.7 7142.76 36.11177739 0.0022633 602.7 0 1 0 0 0 0 0 886481 887647 NA 47.255 0.222233906 II 1 0 0
SPBC725.01 0 437 1 0 0.73948849 15 26503.12 41.94399402 0.0016665 852.6 0 1 0 0 0 0 0 1200564 1203137 0.963535054 240.5166667 0.308172883 II 1 0 0
SPBC725.10 3 164 1 0 0.754219572 2.7 NA 46.86043909 0.0008956 NA 0 1 0 0 0 0 0 1224480 1226219 0.760648869 57.585 0.2344862 II 1 0 0
SPBC725.14 0 500 1 0 0.75709791 3.5 2293.21 34.18060812 0.0014569 NA 0 1 0 0 0 0 0 1229153 1230915 0.976956408 75.20166667 0.508245627 II 0 0 0
SPBC776.15c 2 452 1 0 0.456430379 9.7 9483.13 48.85903703 0.0009668 1061 0 1 0 0 0 0 0 3206576 3208717 1.008835806 209.7833333 0.496178227 II 0 0 0
SPBC800.14c 0 160 1 0 0.16608254 1.1 2109.93 38.50023156 0.0063472 NA 0 1 0 0 0 0 0 269636 270292 NA 24.91 0.392619048 II 0 0 0
SPBC83.06c 0 92 1 0 0.936263864 1.3 NA 35.13550111 0.0024331 NA 0 1 0 0 0 0 0 1520030 1520699 NA 45.2 0.195943548 II 1 0 0
SPBC83.13 0 293 1 0 0.944406119 5.1 2843.3 42.99485555 0.0019862 923.7 0 1 0 0 0 0 0 1533249 1534551 0.875653031 145.4833333 0.559906349 II 0 0 0
SPBC83.19c 0 119 1 0 0.949458764 0.059 NA NA 0 NA 0 1 0 0 0 1 0 1541452 1541903 1.086557604 0.057125 0.062571111 II 0 0 0
SPBC839.09c 1 121 1 0 0.380159359 1.6 1258.68 36.57059964 0.005983 841.3 0 1 0 0 0 0 0 617191 618244 NA 41.20333333 0.631166667 II 1 0 0
SPBC887.07 2 136 1 0 0.338755847 3.4 10048.58 60.98666062 0.004598 534.6 0 1 0 0 0 0 0 3551267 3551891 NA 90.96333333 0.4960496 II 1 0 0
SPBC887.13c 2 426 1 0 0.333397341 1.1 962.49 33.35937375 0.0020513 NA 0 1 0 0 0 0 0 3565749 3567518 NA 27.37666667 0.487830508 II 1 0 0
SPBC887.14c 1 805 1 0 0.332355953 1.9 693.35 27.69702782 0.0032602 432.9 0 1 0 0 0 1 0 3567593 3570555 NA 36.795 0.522812015 II 1 0 0
SPBC887.18c 3 339 1 0 0.329205383 1.7 961.67 19.08405586 0.0017175 NA 0 1 0 0 0 1 0 3578033 3579743 0.245461211 32.03666667 0.40606955 II 0 0 0
SPBC8D2.12c 2 293 1 0 0.850039359 1.5 5536.98 32.76561465 0.0014896 653.1 0 1 0 0 0 0 0 1380044 1381896 1.079789581 29.76666667 0.331097679 II 0 0 0
SPBC8D2.15 2 370 1 0 0.853397524 3 4172.86 38.84092249 0.001574 406.1 0 1 0 0 0 0 0 1385496 1387679 NA 72.74833333 0.380508242 II 1 0 0
SPBC8E4.02c 0 129 1 0 0.032785744 1.3 NA 13.04907884 0.0112296 NA 0 1 0 0 0 0 0 4442574 4444191 1.070428778 27.46 0 II 0 0 0
SPBC902.05c 4 379 1 0 0.302970238 5.6 16619.44 38.27655299 0.0003852 930.9 0 1 0 0 0 0 0 491874 493812 1.093595455 147.05 0.381864143 II 0 0 0
SPBC947.14c 1 103 1 0 0.396746301 5.1 4098.88 29.96113568 0 640.9 0 1 0 0 0 0 0 644120 645012 NA 166.9 0.48472381 II 0 0 0
SPBC947.15c 0 551 1 0 0.39500008 4.9 12057.29 40.41133348 0.0018513 842.5 0 1 0 0 0 0 0 641285 643906 1.026197487 103.2616667 0.521610347 II 0 0 0
SPBC9B6.04c 1 439 1 0 0.932115991 19 40099.87 61.92023747 0.0013271 1558.8 0 1 0 0 0 0 0 1819756 1821476 NA 356.4666667 0.556886085 II 1 0 0
SPBC9B6.09c 0 726 1 0 0.928829633 1.5 789.82 35.1833195 0.0032129 NA 0 1 0 0 0 0 0 1828456 1831060 1.084227273 30.135 0.287251124 II 0 0 0
SPBP16F5.08c 0 447 1 0 0.900189212 12 24647.04 33.00148804 0.0013034 883.4 0 1 0 0 0 0 0 1911887 1914584 1.046476419 167.6083333 0.313728362 II 0 0 0
SPBP19A11.01 0 169 1 0 0.579612577 23 23690.75 77.22645974 0.003435 718.5 0 1 0 0 0 0 0 2848335 2849481 NA 531.9666667 0.290691346 II 1 0 0
SPBP22H7.04 1 255 1 0 0.885717084 0.53 NA 23.85444336 0.0017108 NA 0 1 0 0 0 0 0 1437967 1440557 1.074271479 10.27366667 0.32410514 II 0 0 0
SPBP23A10.03c 1 115 1 0 0.870604787 1.6 1370.11 27.96226433 0.0035996 NA 0 1 0 0 0 0 0 1999257 2000861 NA 38.815 0.273045274 II 0 0 0
SPBP23A10.06 0 335 1 0 0.868293981 2.3 NA 42.01949728 0.000869 NA 0 1 0 0 0 0 0 2005850 2007600 NA 45.28833333 0.382572335 II 1 0 0
SPBP23A10.07 0 1174 1 0 0.866800649 7.9 9680.89 31.57385666 0.0021121 619.9 0 1 0 0 0 0 0 2008119 2011955 NA 107.4316667 0.644730417 II 1 0 0
SPBP23A10.15c 0 457 1 0 0.858918053 22 49032.56 51.87392328 0.0028687 765.1 0 1 0 0 0 0 0 2032842 2034943 NA 473.2333333 0.575083764 II 1 0 0
SPBP23A10.16 0 159 1 0 0.858357068 9.3 87363.6 56.15478118 0.0015613 2559.9 0 1 0 0 0 0 0 2035906 2036579 NA 233.6333333 0.536709797 II 0 0 0
SPBP35G2.07 0 669 1 0 0.60173846 22 55868.57 50.84209776 0.0010894 745 0 1 0 0 0 0 0 976926 979390 0.742668346 319 0.675498783 II 0 0 0
SPBP4H10.03 0 409 1 0 0.571378851 1.6 608.1 27.9468727 0.0035606 2267.4 0 1 0 0 0 0 0 2871688 2873493 1.062111464 27.605 0.305964415 II 0 0 0
SPBP4H10.08 4 79 1 0 0.567461899 11 16048.98 120.9186463 0 670.4 0 1 0 0 0 0 0 2884304 2884916 1.073505343 525.7 0.248873874 II 0 0 0
SPBP4H10.10 0 392 1 0 0.565093485 0.27 NA 20.11135146 0.0033776 NA 0 1 0 0 0 0 0 2890645 2891823 1.163650594 2.5035 0.318883762 II 0 0 0
SPBP4H10.15 1 918 1 0 0.560208868 14 22518.94 39.0333792 0.0017589 761.1 0 1 0 0 0 0 0 2902818 2906068 NA 293.75 0.59509536 II 1 0 0
SPBP4H10.18c 0 314 1 0 0.558900016 2.5 1718.83 38.63067655 0.0055613 613.8 0 1 0 0 0 0 0 2908828 2909885 1.077032359 53.78166667 0.049591304 II 0 0 0
SPBP8B7.08c 3 310 1 0 0.306156298 1.8 2515.05 50.81833042 0.0004694 825.2 0 1 0 0 0 0 0 3645544 3646961 1.037418499 46.98833333 0.449221362 II 0 0 0
SPBPJ4664.01 1 378 1 0 0.421372018 1.3 1369.55 41.44327957 0.0019259 1190.4 0 1 0 0 0 0 0 684100 685682 NA 29.65 0.434625375 II 1 0 0
SPCC1183.03c 2 158 1 0 0.539380264 0.99 3131.75 57.09462585 0.0027544 677.4 0 1 0 0 0 0 0 595451 597344 NA 30.515 0.495587963 III 1 0 0
SPCC1183.04c 1 524 1 0 0.54123632 0.97 NA 21.27880418 0.0013903 NA 0 1 0 0 0 0 0 597500 599387 0.809696663 23.08 0.499839326 III 0 0 0
SPCC11E10.04 0 443 1 0 0.736398283 1.2 NA 19.54421779 0.0026304 NA 0 1 0 0 0 0 0 1457791 1459534 1.024262142 31.00666667 0.059409683 III 0 0 0
SPCC1223.03c 0 649 1 0 0.451901471 2.7 NA 25.92397933 0.0029197 670.6 0 1 0 0 0 0 0 1840594 1843300 1.046551672 29.95166667 0.017824477 III 0 0 0
SPCC1235.02 0 363 1 0 0.160043806 14 10018.86 33.87206109 0.0028074 753.2 0 1 0 0 0 0 0 176681 178818 1.025045567 326.4666667 0.720097235 III 0 0 0
SPCC1235.07 3 244 1 0 0.172634005 0.41 NA 43.98917455 0.0017876 NA 0 1 0 0 0 1 0 190580 192114 NA 11.85666667 0.582227113 III 1 0 0
SPCC1235.11 5 141 1 0 0.181185086 5 12271.2 44.72819235 0 NA 0 1 0 0 0 0 0 200020 201625 1.052153547 255.3666667 0.626510112 III 0 0 0
SPCC1259.01c 1 152 1 0 0.935615071 49 NA 143.6687629 0 NA 0 1 0 0 0 0 0 1032876 1033535 0.336725953 1439.5 0.927347687 III 0 0 0
SPCC1259.05c 1 58 1 0 0.944227749 5.7 NA 95.08822594 0 1015.2 0 1 0 0 0 0 0 1042384 1043131 0.921442056 326.5333333 0.26196217 III 0 0 0
SPCC1259.06 1 222 1 0 0.945335585 1.3 5715.41 20.88695443 0.0039279 583 0 1 0 0 0 0 0 1043607 1044997 NA 27.37 0.2757964 III 1 0 0
SPCC1259.09c 5 456 1 0 0.951078578 3.3 16524.29 38.91058414 0.002875 729.2 0 1 0 0 0 0 0 1049947 1051870 1.034805389 91.88833333 0.199987952 III 0 0 0
SPCC1259.10 2 412 1 0 0.952809628 1.4 715.21 27.49554013 0.0035348 NA 0 1 0 0 0 0 0 1051858 1053763 1.007295691 22.03833333 0.386189257 III 0 0 0
SPCC126.05c 3 268 1 0 0.242499049 2.3 3395.86 35.01659744 0.0048843 905.3 0 1 0 0 0 0 0 2124133 2125769 NA 52.50166667 0.110177465 III 1 0 0
SPCC132.03 3 176 1 0 0.830507758 3.2 NA 41.23472799 0.0032991 191.7 0 1 0 0 0 0 0 1331168 1332587 NA 89.40166667 0 III 0 0 0
SPCC1322.01 0 957 1 0 0.864852042 0.86 NA 20.2275667 0.0030477 NA 0 1 0 0 0 0 0 1283099 1286259 0.40359916 12.97166667 0.252123843 III 0 0 0
SPCC1322.11 1 139 1 0 0.845484825 70 NA 104.8963305 0.0010428 NA 0 1 0 0 0 1 0 1311578 1312384 NA 2278.833333 0.692439575 III 1 0 0
SPCC1393.11 0 197 1 0 0.743929548 1.8 3961.39 12.48309061 0.0022119 743.2 0 1 0 0 0 0 0 821264 823477 NA 15.097 0.602319018 III 1 0 0
SPCC1442.11c 0 182 1 0 0.492489227 NA NA NA 0.0080065 NA 0 1 0 0 0 0 0 1788002 1788550 1.050773568 0.11216 0 III 0 0 0
SPCC1442.15c 0 202 1 0 0.487953035 1.2 NA 26.99753894 0.0028766 NA 0 1 0 0 0 0 0 1793277 1794669 0.994794312 22.16166667 0.299314257 III 0 0 0
SPCC162.05 0 274 1 0 0.647714594 3.7 2040.1 49.76364348 0.0026836 547.6 0 1 0 0 0 0 0 1578091 1579162 NA 77.86 0.518160479 III 1 0 0
SPCC162.06c 3 210 1 0 0.648507816 2.2 4407.17 37.14555737 0.0020756 514.1 0 1 0 0 0 0 1 1576664 1578092 0.992572676 45.985 0.338226267 III 0 0 0
SPCC1620.03 0 186 1 0 0.223086612 0.69 NA 14.99139784 0.004684 NA 0 1 0 0 0 0 0 2148588 2151955 1.020904393 5.473833333 0.26218543 III 0 0 0
SPCC1620.08 0 433 1 0 0.2161626 3.9 8512.17 32.11967969 0.0037001 632.5 0 1 0 0 0 0 0 2159159 2161295 1.133393528 74.80833333 0.540197147 III 0 0 0
SPCC1682.01 3 85 1 0 0.336254953 3.3 41642.36 90.47759147 0.0050925 1689.7 0 1 0 0 0 0 0 371210 372055 0.807929374 112.7566667 0.665617188 III 0 0 0
SPCC1682.09c 2 300 1 0 0.352059053 4.7 9897.16 19.96349332 0.00097 1485.8 0 1 0 0 0 0 0 388657 390514 NA 37.5 0.732670037 III 1 0 0
SPCC16A11.07 0 164 1 0 0.798131082 1.6 3538.02 29.19282309 0.0026543 819.5 0 1 0 0 0 0 0 881100 882894 0.859494787 28.35833333 0.633168111 III 0 0 0
SPCC16A11.09c 0 210 1 0 0.80228524 6.4 15636.33 36.79575968 0.0006919 723.5 0 1 0 0 0 0 0 885686 886972 NA 145.9 0.695902332 III 1 0 0
SPCC16A11.10c 2 129 1 0 0.803470978 34 43151.38 99.11566963 0 862.9 0 1 0 0 0 0 0 886995 888438 0.963573338 985.9666667 0.559945899 III 0 0 0
SPCC16A11.11 0 115 1 0 0.804951112 2.3 NA 41.51909197 0.0012585 1570.3 0 1 0 0 0 0 0 888629 889295 NA 50.95166667 0.574157143 III 1 0 0
SPCC1739.09c 5 130 1 0 0.300591062 8.2 23883.22 NA 0.005572 479.8 0 1 0 0 0 0 0 2046412 2047407 1.096397202 362.4 0.326124825 III 0 0 0
SPCC1795.07 1 151 1 0 0.888756234 6.2 NA 32.43951644 0.0019209 NA 0 1 0 0 0 0 0 981146 985207 NA 124.2833333 0.550500515 III 1 0 0
SPCC18.08 0 531 1 0 0.355258134 2.1 1650.59 31.50338891 0.0024697 579.7 0 1 0 0 0 0 0 1970713 1973665 NA 40.15666667 0.393797537 III 1 0 0
SPCC1840.09 0 276 1 0 0.131488759 1.9 3935.46 42.87437496 0.0042162 816.4 0 1 0 0 0 0 0 2274167 2275514 1.031950773 38.27333333 0.316076115 III 0 0 0
SPCC18B5.04 0 166 1 0 0.657617075 2.7 1521.11 53.88999886 0.0017483 NA 0 1 0 0 0 0 0 725979 726792 NA 81.99666667 0.544075843 III 1 0 0
SPCC191.06 1 138 1 0 0.547287515 0.5 NA 27.252684 0.0031508 NA 0 1 0 0 0 0 0 1712027 1714631 1.059561256 4.598166667 0.147719936 III 0 0 0
SPCC191.10 0 149 1 0 0.541530355 NA NA 49.53960985 0.0116788 NA 0 1 0 0 0 0 0 1721489 1722397 1.041309735 0.170576667 0 III 0 0 0
SPCC1919.08c 1 97 1 0 0.170700608 0.96 NA 38.53059157 0.0029793 784.3 0 1 0 0 0 0 0 2221979 2222620 NA 27.46833333 0 III 1 0 0
SPCC24B10.04 0 199 1 0 0.82195635 2.4 1881.76 43.73229155 0.0043796 684.4 0 1 0 0 0 0 0 907402 908729 1.086027018 46.74666667 0.454155556 III 0 0 0
SPCC24B10.10c 0 355 1 0 0.832093547 1.7 2144.75 36.1644566 0.0020504 477.8 0 1 0 0 0 0 0 918593 919938 1.083611597 36.095 0.662729572 III 0 0 0
SPCC24B10.22 0 1018 1 0 0.852214857 1.5 NA 28.01851312 0.0017192 NA 0 1 0 0 0 0 0 940806 944722 0.996477168 23.78333333 0.611734715 III 0 0 0
SPCC306.08c 1 341 1 0 0.381941639 7.5 36823.61 58.17499384 0.0004269 741.7 0 1 0 0 0 0 0 421646 423488 1.09968735 133.5 0.718691358 III 0 0 0
SPCC330.12c 0 180 1 0 0.122943528 15 2139.68 58.89921504 0.0008232 NA 0 1 0 0 0 0 0 135724 136696 1.049504798 328.1666667 0.649575824 III 0 0 0
SPCC338.04 1 167 1 0 0.803954841 1.9 2414.11 47.27801552 0.0034758 649.9 0 1 0 0 0 0 0 1367724 1368405 1.044726635 49.395 0.193635838 III 0 0 0
SPCC338.06c 0 139 1 0 0.805634692 3.4 4795.31 41.3426774 0.0020855 1543.4 0 1 0 0 0 0 0 1364892 1366139 1.10358271 74.99666667 0.276737349 III 0 0 0
SPCC338.10c 0 186 1 0 0.811140542 11 34428.98 69.4963311 0.0025026 575.3 0 1 0 0 0 0 0 1357740 1358712 NA 243.7666667 0.443734973 III 0 0 0
SPCC338.16 0 577 1 0 0.819608741 0.63 NA 22.75464101 0.0015154 NA 0 1 0 0 0 1 0 1345278 1347289 0.38621184 10.4615 0.444863995 III 0 0 0
SPCC338.17c 1 628 1 0 0.820387137 2.6 173.28 23.54117754 0.0011605 100.4 0 1 0 0 0 1 0 1342923 1346239 NA 42.72 0.488850427 III 1 0 0
SPCC417.11c 0 438 1 0 0.556776524 1.1 NA 23.56572612 NA NA 0 1 0 0 0 0 0 1697661 1701831 1.014949739 19.31166667 0 III 0 0 0
SPCC4B3.01 1 298 1 0 0.944378096 1.9 32501.59 39.73227633 0.0009765 786.1 0 1 0 0 0 0 0 1177720 1178984 1.024092218 40.37833333 0.496298214 III 0 0 0
SPCC4B3.09c 1 173 1 0 0.956734565 2.5 6231.8 40.30270087 0.002821 635.3 0 1 0 0 0 0 0 1160439 1162316 NA 84.20833333 0.437459291 III 1 0 0
SPCC4B3.11c 0 116 1 0 0.961004619 3 NA 30.54938566 0 494.1 0 1 0 0 0 0 0 1156111 1156556 1.159552864 66.46666667 0.399362229 III 0 0 0
SPCC4G3.04c 1 305 1 0 0.421126243 4.3 9178.66 42.52069009 0.0019083 550.2 0 1 0 0 0 0 0 464904 466234 0.261414447 106.5 0.690304643 III 1 0 0
SPCC4G3.05c 1 608 1 0 0.419147899 1 NA 17.1643424 0.0019177 NA 0 1 1 0 0 1 0 462720 464714 NA 19.78333333 0.625857143 III 0 0 0
SPCC4G3.06c 0 144 1 0 0.418451312 2.9 1440.11 38.07627466 0.0020136 1543.7 0 1 0 0 0 0 0 461951 462470 NA 72.93 0.65672335 III 1 0 0
SPCC4G3.13c 0 215 1 0 0.403176219 3.5 7590.24 34.32799137 0.0027034 174.3 0 1 0 0 0 0 0 445088 446630 1.1112858 69.99 0.515163445 III 0 0 0
SPCC4G3.14 0 528 1 0 0.401215993 2.8 7017.37 30.94828801 0.0016558 759.2 0 1 0 0 0 0 0 442924 445260 NA 47.225 0.631783333 III 1 0 0
SPCC548.06c 0 547 1 0 0.205023035 24 27740.37 18.27961804 0.007174 4429.2 0 1 0 0 0 0 0 NA NA NA NA 0.442479196 III 0 0 0
SPCC550.06c 0 104 1 0 0.931900048 26 81121 52.30318004 0.0013903 800.2 0 1 0 0 0 0 0 1194996 1195816 NA 724.3666667 0.454395245 III 1 0 0
SPCC576.06c 2 445 1 0 0.26625345 1.6 974.58 34.20731371 0.0039279 NA 0 1 0 0 0 0 0 2092017 2093726 NA 30.57666667 0.48175 III 1 0 0
SPCC5E4.07 0 148 1 0 0.594742172 110 36481.88 124.3073405 0.0009798 1406.2 0 1 0 0 0 0 0 656568 657206 0.454324956 3187.833333 0.894956023 III 0 0 0
SPCC613.09 2 384 1 0 0.085601393 1.6 NA 29.47704667 0.0034126 590.4 0 1 0 0 0 0 0 94500 96690 NA 32.86833333 0.556125106 III 1 0 0
SPCC613.10 0 426 1 0 0.087526292 7.3 28046.43 60.462305 0.0023932 723.4 0 1 0 0 0 0 0 96625 98210 NA 145.9 0.555117594 III 0 0 0
SPCC645.02 1 209 1 0 0.906067703 0.53 1534.56 38.87278608 0.0023172 373.6 0 1 0 0 0 0 0 1229431 1230662 NA 11.0965 0.253617284 III 0 0 0
SPCC645.03c 1 190 1 0 0.905204054 2.8 600.32 18.54156236 0.0007643 88.4 0 1 0 0 0 0 0 1230674 1231827 NA 77.01833333 0.31948176 III 1 0 0
SPCC645.09 0 139 1 0 0.8878577 2.2 NA 43.97136685 0.008342 777 0 1 0 0 0 0 0 1254339 1255226 NA 40.98833333 0.136379368 III 1 0 0
SPCC736.06 0 611 1 0 0.292137172 0.94 1987.11 23.24138147 0.0023854 NA 0 1 0 0 0 0 0 322506 326767 0.34219369 12.7 0.536258051 III 0 0 0
SPCC736.10c 0 152 1 0 0.300266134 4.5 6348.3 42.43254403 0.0028625 815.1 0 1 0 0 0 0 0 331480 332651 NA 99.30833333 0.581821809 III 1 0 0
SPCC737.02c 0 137 1 0 0.418639528 13 27887.95 63.75235519 0.0021157 652.2 0 1 0 0 0 0 0 1886995 1888168 NA 394.3333333 0.234676955 III 0 0 0
SPCC777.09c 1 441 1 0 0.621126093 19 103914.04 51.28095573 0.0016514 1004.6 0 1 0 0 0 1 0 1613047 1615028 1.042648388 369.2333333 0.556637758 III 0 0 0
SPCC777.11 0 128 1 0 0.618661175 1.5 NA 52.17343018 0.0011317 475.8 0 1 0 0 0 0 0 1616391 1618353 NA 30.27333333 0.042036765 III 1 0 0
SPCC777.15 0 326 1 0 0.612794298 1.2 NA 24.24617032 0.0008929 1763.5 0 1 0 0 0 0 0 1624612 1626267 1.083855773 25.19833333 0.441385988 III 0 0 0
SPCC777.17c 2 101 1 0 0.617936897 0.52 1829.87 63.14492533 0.0028625 388.4 0 1 0 0 0 0 0 1618146 1619330 1.08219601 19.81 0.049527519 III 0 0 0
SPCC794.07 2 483 1 0 0.237945603 18 60865.75 52.52726864 0.0045243 975.2 0 1 0 0 0 0 0 262681 264770 0.665208712 381.6833333 0.668586579 III 0 0 0
SPCC895.04c 2 319 1 0 0.906479799 1.9 3073.8 32.09315683 0.0009124 316.3 0 1 0 0 0 0 0 1000712 1002369 NA 58.37166667 0.3224625 III 1 0 0
SPCC962.05 1 519 1 0 0.501827975 0.44 NA 25.19493777 0.0028074 NA 0 1 0 0 0 0 0 553995 556291 1.072767155 9.5845 0.53530044 III 0 1 0
SPCC965.04c 1 709 1 0 0.121201338 3.4 594.5 25.23743088 0.0018505 485.6 0 1 0 0 0 0 0 2286794 2289391 0.962587457 72.04333333 0.517196396 III 0 0 0
SPCC970.07c 0 636 1 0 0.453590458 0.86 NA 18.17808288 0.0036668 653.9 0 1 0 0 0 0 0 500743 502880 0.673260662 15.87333333 0.469826501 III 0 0 0
SPCP31B10.02 0 143 1 0 0.4758903 0.65 NA 25.62282569 0.0040552 NA 0 1 0 0 0 0 0 525361 525831 1.092158501 19.07666667 0.583802326 III 0 0 0
