SPAC105.03c 0 708 1 0 0.463063236 2.2 NA 34.91307867 0.0016472 1859.2 0 0 0 0 0 0 1 1746468 1749242 1.086191571 41.10166667 0.015134515 I 0 0 0
SPAC11H11.04 0 348 1 0 0.441037985 0.058 NA NA 0.0008366 NA 0 0 0 0 0 0 1 4780224 4781922 1.083333335 1.5931 0.466985285 I 0 0 0
SPAC1399.01c 0 601 1 0 0.490910378 1.4 NA 25.51755801 0.001455 NA 0 0 0 0 0 0 1 1851495 1854651 1.04885979 9.384 0.4505 I 0 0 0
SPAC19G12.10c 0 1002 1 0 0.837684549 40 14355.48 62.46581478 0.0014465 621.1 0 0 0 0 0 0 1 NA NA NA NA 0.395873258 I 0 0 0
SPAC24C9.08 1 596 1 0 0.811657476 8.4 24463.14 43.5767313 0.0022008 668.5 0 0 0 0 0 0 1 3061210 3063526 1.049819247 128.97 0.4012 I 0 0 0
SPAC25H1.05 0 217 1 0 0.670836477 1.9 4181.34 26.13085767 0.002009 NA 1 0 0 0 0 0 1 2530096 2531201 0.976043457 50.405 0.146883168 I 0 0 0
SPAC26H5.05 0 1151 1 0 0.802359399 4.4 1454.75 36.6990004 0.0016474 123.6 0 0 0 0 0 0 1 4125000 4128805 0.976368723 34.11166667 0.385084983 I 0 0 0
SPAC2E1P3.02c 0 517 1 0 0.775460725 0.16 NA 29.25828124 0.0022561 NA 0 0 0 0 0 0 1 2924692 2927075 1.071636097 2.335666667 0.351879949 I 0 0 0
SPAC323.07c 1 533 1 0 0.917809955 2.7 1552.98 27.73315417 0.0027338 NA 0 0 0 0 0 0 1 3917636 3920119 1.127257831 47.57666667 0.374248227 I 0 0 0
SPAC343.17c 1 576 1 0 0.443765355 1.3 282.66 27.91429705 0.0012776 688 0 1 0 0 0 0 1 1673685 1680143 NA 21.68666667 0.53445035 I 1 0 0
SPAC56E4.06c 0 611 1 0 0.333118921 1.9 3243.45 23.15361729 0.0023854 567.7 0 0 0 0 0 0 1 1256376 1258787 1.099502564 28.81666667 0.420394749 I 0 0 0
SPAC57A7.09 0 372 1 0 0.404250078 2 NA 21.98771174 0.0007828 NA 1 0 0 0 0 0 1 1524651 1526191 0.978600693 35.47833333 0.342638889 I 0 0 0
SPAC630.04c 0 166 1 0 0.092863313 1.5 NA 20.28917318 0.0008742 NA 0 0 0 0 0 0 1 350239 353340 1.071008298 25.01833333 0.51567936 I 0 0 0
SPAC750.06c 1 280 1 0 0.0051616 0.26 NA NA 0 NA 0 0 0 0 0 0 1 NA NA NA NA 0 I 0 0 0
SPAPB1E7.04c 0 1236 1 0 0.871955963 10 NA 44.79467204 0.0054217 202.7 0 0 0 0 0 0 1 3288629 3292753 1.02834396 114.37 0.222652625 I 0 0 0
SPBC12C2.13c 0 531 1 0 0.717866281 2.6 2690.4 47.75955318 0.0041161 NA 0 0 0 0 0 0 1 2444297 2446292 NA 29.48333333 0.382320969 II 0 0 0
SPBC1348.01 1 269 1 0 0.003217728 0.36 NA NA 0 NA 0 0 0 0 0 0 1 NA NA NA NA 0 II 0 0 0
SPBC1348.07 1 230 1 0 0.011946368 0.023 NA NA 0 NA 0 0 0 0 0 0 1 NA NA NA NA 0 II 0 0 0
SPBC13A2.04c 0 618 1 0 0.387927434 2 920.94 27.81066498 0.0030659 NA 0 0 0 0 0 0 1 3405575 3408492 1.117268046 26.32183333 0.442417021 II 0 0 0
SPBC14F5.13c 1 532 1 0 0.121779393 4.9 5236.58 41.3293994 0.0032867 649.1 0 0 0 0 0 0 1 4182551 4184659 1.020400041 99.45666667 0.47227352 II 0 0 0
SPBC15C4.06c 0 556 1 0 0.783901714 0.57 NA 15.67369137 0.0036693 NA 0 0 0 0 0 0 1 2251411 2253713 1.073688645 8.224833333 0.178489941 II 0 0 0
SPBC16A3.12c 4 443 1 0 0.090094359 1.9 3665.04 32.28365599 0.0026304 735.4 0 0 0 0 0 0 1 4275226 4277062 1.089715986 36.42833333 0.430327516 II 0 0 0
SPBC16G5.09 2 510 1 0 0.105968594 2.8 2288.85 33.29409644 0.0022855 426.2 0 0 0 0 0 0 1 4228741 4230768 1.126619727 53.315 0.457089721 II 0 0 0
SPBC21C3.17c 1 186 1 0 0.244651267 2.4 2474.75 30.79990604 0.0015613 435 0 0 0 0 0 0 1 3825178 3826328 1.07135094 52.265 0.252556133 II 0 0 0
SPBC27B12.04c 0 817 1 0 0.816753372 1.3 350.49 24.56157898 0.0023201 NA 0 0 0 0 0 0 1 1326004 1328707 NA 14.73 0.398157652 II 0 0 0
SPBC3B9.10 5 214 1 0 0.182972728 4.5 5699.21 49.89937055 0.001358 460.6 1 0 0 0 0 0 1 4004858 4006201 NA 191.0166667 0.499166255 II 1 0 0
SPBC3E7.06c 0 577 1 0 0.641074403 2.1 1480.85 26.16933528 0.0027783 NA 0 0 0 0 0 0 1 2668034 2670240 1.090105433 31.06833333 0.3335127 II 0 0 0
SPBC409.12c 2 325 1 0 0.715417744 0.48 NA 24.46858615 0.0031802 NA 0 0 0 0 0 1 1 1161485 1163251 NA 9.562333333 0.103639535 II 1 0 0
SPBC543.05c 4 517 1 0 0.078804704 0.83 NA 29.76353312 0.0014091 NA 0 0 0 0 0 0 1 4307906 4309986 1.102867921 20.33333333 0.583299672 II 0 0 0
SPBC8E4.03 0 413 1 0 0.035639705 8.4 10495.87 36.4646008 0.0024684 NA 0 0 0 0 0 0 1 4434194 4435868 1.042565366 144.0766667 0.025886121 II 0 0 1
SPBC9B6.03 0 293 1 0 0.932674233 4.4 4471.18 27.474916 0.0014896 NA 0 0 0 0 0 0 1 1817454 1819848 1.018753976 10.20633333 0.234618074 II 0 0 0
SPBPB21E7.04c 0 281 1 0 0.039720826 0.12 NA 48.36563049 0.0188594 NA 0 0 0 0 0 0 1 64487 65620 0.982409656 2.735666667 0 II 0 0 0
SPCC1183.09c 2 109 1 0 0.555059359 3.7 14078.72 35.46290498 0.0013772 NA 0 0 0 0 0 0 1 612760 613998 1.114651917 110.475 0.772222222 III 0 0 0
SPCC1450.08c 5 319 1 0 0.527795014 0.11 NA 18.64397905 0 NA 0 0 0 0 0 0 1 NA NA NA NA 0 III 0 0 0
SPCC162.06c 3 210 1 0 0.648507816 2.2 4407.17 37.14555737 0.0020756 514.1 0 1 0 0 0 0 1 1576664 1578092 0.992572676 45.985 0.338226267 III 0 0 0
SPCC1739.15 5 329 1 0 0.286315292 0.49 NA 20.02304456 0.0098417 NA 0 0 0 0 0 0 1 NA NA NA NA 0 III 1 0 0
SPCC306.10 5 313 1 0 0.387194575 0.24 NA NA NA NA 0 0 0 0 0 0 1 NA NA NA NA 0 III 0 0 0
SPCC548.03c 5 363 1 0 0.20032447 0.4 NA NA NA NA 0 0 0 0 0 0 1 NA NA NA NA 0 III 0 0 0
SPCC584.13 0 544 1 0 0.692885245 1.2 NA 21.35066091 0.0021429 NA 0 0 0 0 0 0 1 1516197 1518230 1.073424023 14.91666667 0.411483489 III 0 0 0
SPCC594.06c 1 341 1 0 0.331171408 1.3 2000.26 14.39261724 0.002988 NA 0 0 0 0 0 0 1 365598 367032 1.168673222 23.91166667 0.530747541 III 0 0 0
SPCC70.10 0 155 1 0 0.060023174 4.4 NA 13.66454939 0.0009358 NA 0 0 0 0 0 0 1 2370832 2371916 1.02442515 72.53333333 0.071744246 III 0 0 0
