SPAC1006.03c 3 712 1 0 0.279422365 2.1 1717.83 21.02721211 0.00582 852.1 0 0 1 0 0 1 0 5070931 5074055 0.867005284 39.27833333 0.274994463 I 0 0 0
SPAC1039.05c 5 781 1 0 0.066024224 2 NA 24.21671472 0.0028002 NA 0 0 1 0 0 1 0 5456674 5459789 1.159429786 29.59 0.322551816 I 0 0 0
SPAC10F6.02c 1 1168 1 0 0.319977389 2.8 2114.59 33.17487844 0.0016234 373.9 0 0 1 0 0 0 0 1206812 1210630 NA 44.64166667 0.370563818 I 1 0 0
SPAC10F6.16 2 139 1 0 0.328484227 2.7 9229.33 36.4429073 0 551.2 0 0 1 0 0 0 0 1238896 1240185 1.060606546 57.45 0.295523483 I 0 0 0
SPAC1142.08 0 743 1 0 0.965082298 3.1 NA 30.82998501 0.0035319 NA 0 0 1 0 0 1 0 3639860 3642338 1.11801513 49.90333333 0.474888961 I 0 0 0
SPAC11D3.07c 0 637 1 0 0.030770871 1.3 242.8 13.22508094 0.0027458 NA 0 0 1 0 0 0 0 116054 120309 1.171636934 17.03 0 I 0 0 0
SPAC1250.01 1 1199 1 0 0.262748682 4.6 2253.64 26.25451722 0.0029197 655.2 0 0 1 0 0 1 0 5100148 5104194 NA 54.00166667 0.580811187 I 1 0 0
SPAC12B10.10 0 419 1 0 0.546371141 0.93 NA 13.11760341 0.0013903 448.3 0 0 1 0 0 0 0 4590152 4591524 1.093257188 13.09233333 0.215713376 I 0 0 0
SPAC12G12.14c 0 509 1 0 0.084796612 2.3 487.05 19.76988248 0.0020037 NA 0 0 1 0 0 0 0 319815 321825 NA 35.24666667 0.606246714 I 1 0 0
SPAC1327.01c 0 977 1 0 0.584592717 4 1668.27 24.49357489 0.0023883 NA 0 0 1 0 0 1 0 2204823 2208418 1.106007184 42.93 0.415031922 I 0 0 0
SPAC139.03 2 625 1 0 0.270894968 1 NA 29.66978961 0.0027984 NA 0 0 1 0 0 1 0 1021695 1024135 1.025380861 18.205 0.064034417 I 0 0 0
SPAC1399.05c 1 529 1 0 0.487468826 1.6 NA 23.00224749 0.0035808 NA 0 0 1 0 0 1 0 1838515 1840293 1.058646126 24.02666667 0.619110857 I 0 0 0
SPAC13G7.08c 2 446 1 0 0.612551484 4 3830.04 32.74770228 0.0026127 NA 0 0 1 0 0 0 0 2310271 2311973 NA 91.14333333 0.523786795 I 1 0 0
SPAC144.02 0 249 1 0 0.511593684 1.6 2200.49 29.58495731 0.0017518 742.8 0 0 1 0 0 0 0 4652937 4654387 0.907309636 31.93333333 0.466734351 I 0 0 0
SPAC144.06 4 825 1 0 0.5038369 2.1 1378.4 31.60532739 0.002098 649.3 0 0 1 0 0 1 0 4664299 4668408 1.09049379 31.51 0.512673863 I 0 0 0
SPAC144.14 1 511 1 0 0.495629237 1 NA 26.70678272 0.0028531 692.9 0 0 1 0 0 0 0 4681264 4683244 1.064380823 23.245 0.052028871 I 0 0 0
SPAC1486.03c 0 797 1 0 0.845340144 1.8 561.54 24.62452307 0.0021953 1205.1 0 0 1 0 0 0 0 3188246 3190898 NA 34.03333333 0.454776886 I 1 0 0
SPAC1486.04c 0 1727 1 0 0.846188865 2.7 2128.7 39.01426357 0.0031258 740.9 0 0 1 0 0 1 0 3191447 3196943 0.835428621 32.95 0.375240584 I 0 0 0
SPAC14C4.02c 2 1076 1 0 0.193006225 2.2 NA 27.11857005 0.0019173 591.6 0 0 1 0 0 0 0 5226179 5230259 NA 33.36833333 0.537292532 I 1 0 0
SPAC14C4.06c 2 307 1 0 0.187412556 2.4 2744.67 21.82281934 0.0042658 504.9 0 0 1 1 0 1 0 5238326 5240370 0.929309891 49.16833333 0.308759086 I 0 0 0
SPAC15A10.03c 0 852 1 0 0.975820577 1.3 NA 20.66705259 0.0017114 NA 0 0 1 0 0 1 0 3680360 3683268 1.119056585 16.87333333 0.670653666 I 0 0 0
SPAC15A10.15 4 647 1 0 0.984762249 2.2 NA 25.4402066 0.0036046 761.2 0 0 1 0 0 0 0 3714084 3716585 1.043872719 47.74333333 0.162480127 I 0 0 0
SPAC1610.02c 0 253 1 0 0.474976628 1.1 5144.17 35.28730019 0.002299 868.6 0 0 1 0 0 0 0 1791400 1792494 0.764400931 25.22 0.156607509 I 0 0 0
SPAC1687.05 1 727 1 0 0.240944714 3.3 424.49 25.11321793 0.0018048 368.3 0 0 1 0 0 1 0 908736 911854 1.087799218 60.62166667 0.48195832 I 0 0 0
SPAC1687.09 0 1379 1 0 0.242589659 2.9 1039.81 28.34739007 0.0044441 438.4 0 0 1 0 0 0 0 914940 919775 1.109375934 31.92166667 0.140997932 I 0 0 0
SPAC1687.14c 0 76 1 0 0.24599966 0.51 NA 22.6232387 0 NA 0 0 1 0 0 0 0 927801 929011 1.060127985 18.06 0.243772089 I 0 0 0
SPAC1751.01c 0 720 1 0 0.100182577 1.5 NA 32.63536637 0.0014173 NA 0 0 1 0 0 0 0 377844 384751 1.061180676 5.892 0.143834854 I 0 0 0
SPAC17D4.04 4 688 1 0 0.46857869 3 4272.16 43.2107227 0.0035661 1019.1 0 0 1 0 0 0 0 4729678 4732140 1.063616606 69.645 0.527767245 I 0 0 0
SPAC17G8.02 0 330 1 0 0.621511716 1.4 2172.2 24.05606106 0.0022052 674.4 0 0 1 0 0 1 0 2344065 2346044 NA 26.59666667 0.326001616 I 1 0 0
SPAC1805.14 0 452 1 0 0.74132758 1.8 NA 21.60671391 0.0041894 204.9 0 0 1 0 0 0 0 2795957 2797948 0.831135337 36.67 0.214930535 I 0 0 0
SPAC18B11.11 0 1294 1 0 0.078108652 0.95 706.85 21.28570439 0.000903 NA 0 0 1 0 0 0 0 294591 299154 1.092157336 11.66383333 0.518909448 I 1 0 0
SPAC18G6.02c 0 960 1 0 0.586180126 0.91 NA 16.60790314 0.0048882 NA 0 0 1 0 0 1 0 2210810 2214664 0.718671572 11.64916667 0.199188901 I 0 0 0
SPAC18G6.13 0 114 1 0 0.594188231 0.81 302.97 52.73363079 0.0012694 NA 0 0 1 1 0 0 0 2241013 2241357 0.785718451 14.03333333 0 I 0 0 0
SPAC19A8.10 0 254 1 0 0.653674586 0.98 NA 28.11005156 0.0017175 NA 0 0 1 0 0 0 0 2465369 2467346 1.059242311 24.32833333 0.357255414 I 0 0 0
SPAC19G12.01c 4 719 1 0 0.848936616 0.56 143.4 18.81487297 0.0018248 NA 0 0 1 0 0 0 0 4041809 4044613 NA 9.512666667 0.415368583 I 1 0 0
SPAC19G12.07c 6 603 1 0 0.842265262 2.6 8193.86 41.12819924 0.0014478 552.5 0 0 1 0 0 1 0 4053604 4056672 NA 49.93 0.400012826 I 1 0 0
SPAC1B1.01 1 478 1 0 0.937684042 9.3 2256.83 55.32312202 0.0027468 339.3 0 0 1 0 0 1 0 3536526 3538612 NA 135.15 0.342525157 I 1 0 0
SPAC1D4.11c 0 690 1 0 0.17395376 5.5 NA 22.53445763 0.0023239 NA 0 0 1 0 0 1 0 656076 660381 0.826693049 26.54 0.425365405 I 0 0 0
SPAC20G8.08c 4 944 1 0 0.374281795 1.2 NA 27.74227133 0.0023172 449.6 0 0 1 0 0 1 0 1411624 1415165 1.144503449 21.26833333 0.450078534 I 0 0 0
SPAC21E11.03c 0 171 1 0 0.733307369 2.5 2609.25 18.53259033 0.0042438 279.4 0 0 1 0 0 1 0 4252142 4253622 0.987314419 41.275 0.168842762 I 0 0 0
SPAC222.09 1 620 1 0 0.254501725 11 8022.21 36.00753815 0.0018806 588.9 0 0 1 0 0 1 0 959867 962227 NA 157.5333333 0.598600535 I 1 0 0
SPAC22A12.01c 0 560 1 0 0.306634082 1.4 NA 22.87622675 0.0039034 486.7 0 0 1 0 0 1 0 1156487 1159594 0.935876712 26.43 0.332252353 I 0 0 0
SPAC22E12.19 0 661 1 0 0.287721864 2.4 NA 21.22161185 0.0026516 502.7 0 0 1 0 0 1 0 5056600 5059053 1.043158359 29.995 0.328048458 I 0 0 0
SPAC22F3.02 0 209 1 0 0.186936737 0.027 NA NA 0.0027807 NA 0 0 1 0 0 1 0 705042 708014 1.071749209 1.2644 0.347507658 I 0 0 0
SPAC22F3.09c 1 657 1 0 0.182031863 0.85 391.62 16.20106726 0.0015538 NA 0 0 1 0 0 0 0 686543 689179 0.891612248 13.22666667 0.443767918 I 0 0 0
SPAC22F8.10c 0 601 1 0 0.427466794 2.1 1033.07 24.94515246 0.0026675 476.4 0 0 1 0 0 1 0 4804513 4806453 NA 39.18 0.60215406 I 1 0 0
SPAC22G7.09c 5 425 1 0 0.199293713 5 2510.69 43.19870779 0.002061 580.8 0 0 1 0 0 0 0 751647 753492 NA 104.6583333 0.436253383 I 1 0 0
SPAC23D3.01 0 407 1 0 0.686366682 1.3 NA 24.42986393 0.0042937 NA 0 0 1 0 0 1 0 4337097 4338471 1.088428013 30.98833333 0.241775561 I 0 0 0
SPAC23E2.01 0 564 1 0 0.117246366 3.1 2813.76 22.52261996 0.0015503 448.2 0 0 1 0 0 1 0 442201 445721 1.025786007 24.41166667 0.221890833 I 0 0 0
SPAC23E2.03c 0 569 1 0 0.119542236 2.7 NA 27.08705854 0.0033295 NA 0 0 1 0 0 0 0 450860 453603 1.050452796 10.4635 0.209209035 I 0 1 0
SPAC23G3.09 0 365 1 0 0.234482921 2.8 2304.11 24.68225264 0.0011966 604.2 0 0 1 0 0 1 0 884365 885989 NA 61.70833333 0.593387077 I 1 0 0
SPAC23H4.02 1 532 1 0 0.425573384 4.2 1351.77 32.37995723 0.0019173 532.7 0 0 1 0 0 0 0 1605073 1607249 1.087723579 42.99 0.450403576 I 0 0 0
SPAC25B8.02 0 267 1 0 0.786359545 3.3 NA 36.5047423 0.0016342 510.8 0 0 1 0 0 0 0 4156472 4157726 NA 42.345 0.388612154 I 1 0 0
SPAC25B8.19c 0 522 1 0 0.765612457 2.9 NA 25.56872953 0.0019589 NA 0 0 1 0 0 0 0 4192070 4195228 0.905253164 19.235 0.16956925 I 0 0 0
SPAC26H5.06 2 555 1 0 0.800398212 1.2 NA 31.71749762 0.0021005 NA 0 0 1 0 0 0 0 4129145 4132350 NA 23.11333333 0.391863697 I 1 0 0
SPAC27D7.14c 0 1039 1 0 0.574710704 5.7 3691.44 33.80274743 0.0016844 1369 0 0 1 0 0 0 0 4536975 4540298 0.44121023 77.85166667 0.568151126 I 0 0 0
SPAC29B12.03 0 124 1 0 0.091787966 5.4 14068.69 40.81434315 0.0011679 35.7 0 0 1 0 0 0 0 5411817 5413219 1.02409291 143.6666667 0.220563744 I 0 0 0
SPAC29B12.06c 0 283 1 0 0.088604703 2.1 3583.91 23.39613656 0.0010281 NA 0 0 1 0 0 0 0 5417366 5418973 1.132955832 37.95833333 0.462567003 I 0 0 0
SPAC29B12.08 1 689 1 0 0.081661714 10 2416.29 28.91708717 NA NA 0 0 1 0 0 0 0 5427297 5431523 0.972629434 85.62333333 0.11751681 I 0 0 0
SPAC29E6.02 4 542 1 0 0.647018471 2.8 355.77 30.52922941 0.0024196 737.4 0 0 1 0 0 1 0 4403839 4409596 NA 48.55166667 0.449476708 I 1 0 0
SPAC2F7.07c 0 607 1 0 0.1442713 5.1 NA 19.05335436 0.0019209 1856.9 0 0 1 0 0 1 0 544127 546240 1.080443725 81.37333333 0.302582382 I 0 0 0
SPAC2G11.05c 0 701 1 0 0.216194174 0.26 1306.13 23.95100262 0.0060307 967.7 0 0 1 0 0 0 0 815388 817984 1.081133807 5.066666667 0.178466637 I 0 0 0
SPAC2G11.10c 2 401 1 0 0.219090858 1.4 2296.7 37.21155095 0.0014672 711.8 0 0 1 0 0 0 0 826313 828123 1.348221159 25.75666667 0.459177156 I 0 0 0
SPAC30D11.07 0 355 1 0 0.293361834 1 NA 22.91229851 0.0024604 NA 0 0 1 0 0 1 0 1106430 1107885 1.027379171 18.42833333 0.499178383 I 0 0 0
SPAC30D11.08c 1 538 1 0 0.29291719 2.7 1109.5 28.88636874 0.0021668 NA 0 0 1 0 0 1 0 1104753 1106608 NA 59.705 0.458708227 I 1 0 0
SPAC30D11.10 0 469 1 0 0.291521479 2.5 448.1 13.43204109 0.0031061 379.9 0 0 1 0 0 1 0 1099489 1101583 0.558585019 27.02 0.336577408 I 0 0 0
SPAC31A2.11c 0 411 1 0 0.10810239 2.1 989.7 22.82642775 0.0017717 286.6 0 0 1 0 0 0 0 407714 409872 0.247125015 29.95333333 0.199085202 I 0 0 0
SPAC328.05 5 464 1 0 0.923901129 2.7 625.21 34.59014982 0.0031127 NA 0 0 1 0 0 0 0 3484543 3486956 1.04825097 46.52 0.392698795 I 0 0 0
SPAC343.18 1 205 1 0 0.445494085 1.8 NA 22.76822623 0.0014173 NA 0 0 1 0 0 1 0 1680205 1681471 1.110584707 36.36833333 0.143761528 I 0 0 0
SPAC3A11.14c 3 832 1 0 0.911785434 1.2 NA 26.21871996 0.0033298 NA 0 0 1 0 0 1 0 3438848 3442117 1.013371471 17.82666667 0.230503931 I 0 0 0
SPAC3F10.10c 1 365 1 0 0.751210509 0.5 NA 23.16279269 0.0031909 NA 0 0 1 0 0 0 0 2833231 2836168 1.002804558 10.48266667 0.341611619 I 0 0 0
SPAC3G6.08 0 182 1 0 0.102124997 2.3 1876.58 46.73809462 0.0047864 388.8 0 0 1 0 0 0 0 5393499 5394534 NA 46.18166667 0.387314943 I 1 0 0
SPAC3G9.10c 2 242 1 0 0.83868241 2.5 NA 36.74382736 0.0036046 NA 0 0 1 0 0 0 0 3163136 3164354 NA 72.10833333 0.465331283 I 1 0 0
SPAC3G9.14 0 766 1 0 0.834390281 5.4 1573.7 24.43942885 0.0020937 916.6 0 0 1 0 0 0 0 3146948 3150486 NA 84.42333333 0.346320681 I 1 0 0
SPAC3H5.08c 2 933 1 0 0.908345207 2.9 477.09 16.967484 0.0029015 2765.1 0 0 1 0 0 1 0 3425873 3429364 0.996669058 43.46833333 0.362764517 I 0 0 0
SPAC3H8.08c 0 563 1 0 0.159575602 1 1021.27 16.43093911 0.0018119 NA 0 0 1 0 0 0 0 601848 603993 1.019824526 18.65 0 I 0 0 0
SPAC4A8.09c 1 293 1 0 0.679422063 2.8 1270.87 26.67674387 0.0019862 1126.5 0 0 1 0 0 1 0 2562477 2564277 0.979812095 60.31166667 0.148504218 I 0 0 0
SPAC4D7.10c 4 473 1 0 0.114661102 2.2 717.11 23.72144643 0.0015399 372.7 0 0 1 0 0 0 0 5369400 5371874 0.68200292 38.99666667 0.409454304 I 0 0 0
SPAC4D7.13 0 695 1 0 0.111403706 3.6 3537.34 20.81760112 0.0023072 723.8 0 0 1 0 0 1 0 5375546 5377762 NA 73.78666667 0.520794089 I 1 0 0
SPAC4G9.04c 1 638 1 0 0.598076284 4.2 2676.55 24.01799141 0.00297 440.2 0 0 1 0 0 0 0 2255677 2259196 NA 60.07833333 0.537368492 I 1 0 0
SPAC4H3.05 3 887 1 0 0.964490625 0.62 100 24.51471681 0.0027948 NA 0 0 1 0 0 1 0 3832332 3835740 0.991736049 10.42533333 0.447788328 I 0 0 0
SPAC56F8.16 0 413 1 0 0.305861191 9.6 NA 25.55755158 0.0049367 36.8 0 0 1 0 0 1 0 1153572 1156804 1.084197679 28.44666667 0.157947715 I 0 0 0
SPAC57A10.02 0 775 1 0 0.361853231 4.4 5045.66 26.40180763 0.0016931 519.6 0 0 1 0 0 0 0 1364749 1367968 0.919367835 56.9 0.443638468 I 0 0 0
SPAC644.12 5 757 1 0 0.714484533 2.8 2623.94 29.0378993 0.0028889 1403.5 0 0 1 0 0 1 0 2694717 2697430 NA 55.82 0.5947046 I 1 0 0
SPAC644.14c 0 365 1 0 0.715384163 2 2066.29 18.89158382 0.0031909 699.3 0 0 1 1 0 1 0 2698110 2700283 0.633025927 34.15 0.389622803 I 0 0 0
SPAC644.16 1 422 1 0 0.716306329 4.8 4801.86 52.47603832 0.0010354 772.4 0 0 1 0 0 0 0 2701588 2703006 NA 88.16 0.494602549 I 1 0 0
SPAC664.08c 3 452 1 0 0.45498752 3 1831.82 24.06853322 0.0064453 1270.8 0 0 1 0 0 1 0 1716010 1717792 NA 70.37166667 0.512946677 I 1 0 0
SPAC6B12.14c 0 154 1 0 0.645762463 2.2 NA 26.78697768 0.0018837 NA 0 0 1 0 0 0 0 NA NA NA NA 0.101509854 I 0 0 0
SPAC6B12.16 1 344 1 0 0.647634635 0.044 NA NA 0.002962 NA 0 0 1 0 0 1 0 2442589 2443829 1.117103229 0.12272 0.386047259 I 0 0 0
SPAC6F12.14 2 565 1 0 0.355349546 1.1 890.86 25.40376118 0.0018087 NA 0 0 1 0 0 0 0 1340220 1342448 NA 21.49 0.571563762 I 1 0 0
SPAC6F12.17 1 733 1 0 0.357594509 4.1 4877.53 29.50807959 0.0013922 899.5 0 0 1 0 0 1 0 1348687 1351231 NA 73.53833333 0.562790307 I 1 0 0
SPAC6G10.10c 0 194 1 0 0.858049229 1.8 NA 26.24319912 0.0029946 341.4 0 0 1 0 0 1 0 3236179 3237503 1.048314731 29.62166667 0.225340639 I 0 0 0
SPAC7D4.04 0 926 1 0 0.697444077 1.7 220.39 22.04881806 0.0035024 726.8 0 0 1 0 0 0 0 2630448 2633728 1.043760572 37.17166667 0.453635778 I 0 0 0
SPAC821.08c 0 488 1 0 0.26380134 4.5 NA 16.09695286 0.0029854 NA 0 0 1 0 0 0 0 994941 997625 NA 92.395 0.284640279 I 1 0 0
SPAC890.05 0 284 1 0 0.314413367 3.3 162.29 26.48392041 0 509.5 0 0 1 0 0 0 0 5009365 5010806 0.938506113 63.74 0.349864943 I 0 0 0
SPAC8C9.14 4 539 1 0 0.971989795 3.5 3674.92 37.83992415 0.0016221 409.7 0 0 1 0 0 1 0 3665912 3669087 1.110925103 93.67833333 0.400060305 I 0 0 0
SPAC8F11.03 1 1004 1 0 0.75714944 0.86 NA 22.46505463 0.0023241 NA 0 0 1 0 0 1 0 2855630 2859170 1.032638588 14.28833333 0.428524168 I 0 0 0
SPAC9E9.08 3 614 1 0 0.622802102 1.2 NA 29.75881155 0.003798 NA 0 0 1 0 0 1 0 4450589 4453369 0.941615753 18.90333333 0.206688387 I 0 0 0
SPAC9E9.10c 0 514 1 0 0.618603115 1.5 2350.7 22.25524677 0.0025512 401.4 0 0 1 0 0 0 0 4458920 4460959 1.014721321 28.08166667 0.040409901 I 0 0 0
SPAC9G1.13c 3 437 1 0 0.528994149 2.2 NA 27.05348611 0.0009999 498.6 0 0 1 0 0 1 0 1995130 1996858 NA 46.00666667 0.531602855 I 1 0 0
SPAP8A3.13c 0 547 1 0 0.130306338 1.9 NA 20.05390483 0.001867 NA 0 0 1 0 0 1 0 5340960 5343594 0.993818205 33.30166667 0.0253739 I 0 0 0
SPAPB1A10.04c 1 294 1 0 0.494372081 1.4 1338.87 34.60541119 0.0059384 940.3 0 0 1 0 0 0 0 1864551 1865819 NA 35.87666667 0.414356846 I 1 0 0
SPAPB1E7.03 1 591 1 0 0.871388027 3.8 1392.33 30.85375194 0.0014796 894.9 0 0 1 0 0 1 0 3286487 3288578 NA 69.16333333 0.568078782 I 1 0 0
SPAPB2B4.03 0 411 1 0 0.718465386 3.2 NA 24.97867998 0.0003552 NA 0 0 1 0 0 1 0 2709731 2714162 1.116707486 44.53166667 0.332488529 I 0 0 0
SPAPB8E5.07c 0 1163 1 0 0.362785804 5.8 4535.04 26.18489595 0.0021333 633.9 0 0 1 0 0 1 0 4919715 4923369 NA 84.64166667 0.497929193 I 1 0 0
SPBC1105.04c 0 522 1 0 0.352282243 3.3 4212.08 21.92301136 0.0030704 469.8 0 0 1 0 0 1 0 3510427 3512444 0.318015718 61.485 0.020084778 II 0 0 0
SPBC119.11c 0 363 1 0 0.454265645 4.2 3271.21 23.99318659 0.0020053 324.5 0 0 1 0 0 1 0 737503 738906 NA 47.43 0.510694686 II 1 0 0
SPBC119.14 5 371 1 0 0.459520938 0.055 NA NA 0.0043206 NA 0 0 1 0 0 0 0 746035 747734 1.030353196 1.502333333 0.460616438 II 0 0 0
SPBC1198.13c 2 307 1 0 0.119517883 3 3533.66 27.59024843 0.0014219 550.5 0 0 1 0 0 1 0 194038 197189 NA 55.18833333 0.545102041 II 1 0 0
SPBC11B10.08 0 204 1 0 0.922968563 2.1 NA 52.10657569 0.0021364 NA 0 0 1 0 0 0 0 1498445 1499998 1.015268904 46.71166667 0.115093308 II 0 0 0
SPBC11C11.04c 6 1105 1 0 0.40553606 0.73 100 33.80329679 0.0027819 NA 0 0 1 0 0 0 0 3353046 3357140 NA 12.765 0.257321429 II 1 0 0
SPBC13A2.01c 2 182 1 0 0.390773165 2.3 873.61 29.84633696 0.0071796 604.3 0 0 1 0 0 0 0 3397894 3400193 NA 55.05 0.504287606 II 1 0 0
SPBC146.01 2 1063 1 0 0.613456926 1.9 1244.29 19.10637192 0.0022359 NA 0 0 1 0 0 0 0 995951 1000175 NA 23.50666667 0.430349563 II 1 0 0
SPBC146.06c 0 703 1 0 0.622324771 0.74 NA 17.29752604 0.0024931 NA 0 0 1 0 0 1 0 1010348 1013231 1.095501499 11.27516667 0.370607103 II 0 0 0
SPBC15C4.01c 4 282 1 0 0.789311655 1.9 4347.94 54.95383483 0.0005158 631.2 0 0 1 0 0 0 0 2236433 2237936 1.046060172 60.13833333 0.338345546 II 0 0 0
SPBC15D4.10c 1 475 1 0 0.517635715 1.6 NA 31.87951383 0.0018402 NA 0 0 1 0 0 0 0 3028685 3030224 0.514735373 38.59333333 0.237021872 II 0 0 0
SPBC1685.04 0 325 1 0 0.309443883 1 NA 18.43937393 0.0058215 NA 0 0 1 0 0 0 0 502384 504193 1.041792366 13.95333333 0.5274 II 0 0 0
SPBC16A3.11 0 872 1 0 0.089204875 1.5 NA 28.05808285 0.0037001 NA 0 0 1 0 0 1 0 4276864 4279656 NA 28.415 0.513077449 II 1 0 0
SPBC16C6.10 1 380 1 0 0.064657316 0.5 NA 26.85730904 0.0057778 NA 0 0 1 0 0 0 0 4349487 4351244 1.067597337 15.62666667 0.231693515 II 0 0 0
SPBC16C6.12c 0 470 1 0 0.063669762 2.2 1872.89 29.14032433 0.0015497 555.5 0 0 1 1 0 1 0 4352543 4354124 NA 41.65833333 0.535062976 II 1 0 0
SPBC16D10.09 1 260 1 0 0.316140189 13 14754.46 53.18355465 0.001678 671.8 0 0 1 0 0 0 0 3616412 3617845 NA 367.85 0.539605613 II 1 0 0
SPBC16E9.01c 0 295 1 0 0.89936968 4.5 1054.32 27.50847566 0.0034524 82.3 0 0 1 0 0 1 0 1915375 1916974 NA 62.48333333 0.308796429 II 0 0 0
SPBC16E9.05 0 378 1 0 0.896482458 19 33339.45 55.51102241 0.0030815 574.6 0 0 1 0 0 0 0 1923596 1925394 NA 440.05 0.480111617 II 1 0 0
SPBC16E9.12c 3 166 1 0 0.891189789 7.8 5829.92 33.95800549 0.0017483 1015.1 0 0 1 0 0 1 0 1939371 1940829 0.974441286 195.8666667 0.368700342 II 0 0 0
SPBC16G5.03 0 268 1 0 0.109765532 0.64 NA 22.44543681 0.0032562 NA 0 1 1 0 0 1 0 4218442 4219695 1.094830912 14.22666667 0.188336207 II 0 0 0
SPBC16G5.10 1 299 1 0 0.104830851 3.4 2644.33 40.63295811 0.0019465 1007.7 0 0 1 0 0 0 0 4231874 4234086 NA 78.26666667 0.456741463 II 1 0 0
SPBC16G5.17 0 560 1 0 0.099465487 1.1 NA 22.71074694 0.0020818 NA 0 0 1 0 0 1 0 4247630 4249733 1.110334854 25.41666667 0.035755448 II 0 0 0
SPBC1711.02 0 181 1 0 0.825159157 1.2 NA NA 0 NA 0 0 1 0 0 1 0 NA NA NA NA 0.555343434 II 0 0 0
SPBC1711.14 1 180 1 0 0.815281566 0.037 NA NA 0.0024196 NA 0 0 1 0 0 0 0 2161542 2162200 1.134658569 0.41615 0.563465863 II 0 0 0
SPBC1734.14c 2 113 1 0 0.669870022 4.1 4541.52 37.95054366 0 NA 0 0 1 0 0 0 0 1087538 1088852 NA 130.2666667 0.299304725 II 1 0 0
SPBC1773.16c 1 595 1 0 0.195683909 0.54 NA 13.57713977 0.0029393 NA 0 0 1 0 0 1 0 317694 320922 1.094929929 7.0135 0 II 0 0 0
SPBC1778.10c 4 551 1 0 0.488007056 2.1 3594 29.92884278 0.0010611 270.9 0 0 1 0 0 0 0 3114231 3116630 0.945774208 49.65333333 0.43300983 II 0 0 0
SPBC17D1.07c 7 949 1 0 0.409596344 0.21 NA 22.86044331 0.0018274 NA 0 0 1 0 0 1 0 3340660 3345299 1.097882741 4.718833333 0.04049075 II 0 0 0
SPBC17G9.04c 0 675 1 0 0.810370545 5.9 4533.41 21.76937824 0.0034553 607.6 0 0 1 1 0 0 0 2173656 2176522 NA 82.57666667 0.445759159 II 1 0 0
SPBC17G9.05 0 432 1 0 0.809366875 1.9 NA 27.24467165 0.0037086 NA 0 0 1 0 0 1 0 2177733 2179449 1.118115446 27.14333333 0.545804185 II 1 0 0
SPBC1861.02 0 527 1 0 0.139275547 1.3 NA 21.05275996 0.0027649 354.3 0 0 1 0 0 1 0 4130876 4133635 1.085218363 46.00666667 0.345587985 II 0 0 0
SPBC18H10.03 1 282 1 0 0.948207968 16 21486.68 51.11918581 0.0025792 1829.8 0 0 1 0 0 0 0 1772999 1774547 NA 416.4 0.493742323 II 1 0 0
SPBC18H10.15 1 398 1 0 0.940618894 1.6 669.74 35.38401428 0.002927 2074.8 0 0 1 0 0 1 0 1794843 1796679 1.01381107 31.12333333 0.450262656 II 0 0 0
SPBC19C2.05 0 470 1 0 0.979066268 4.1 NA 37.69660955 0.0024796 NA 0 0 1 0 0 0 0 1680745 1684555 NA 29.59333333 0.22661622 II 1 0 0
SPBC19F5.02c 0 710 1 0 0.285808926 3.7 2920.22 22.21492307 0.0014373 757.4 0 0 1 0 0 1 0 3703456 3706300 NA 74.15666667 0.503784399 II 1 0 0
SPBC1A4.10c 0 879 1 0 0.871190804 3.1 1007.77 28.56268372 0.0026543 NA 0 0 1 0 0 0 0 1996006 1999152 NA 50.79 0.489031393 II 1 0 0
SPBC1D7.03 0 461 1 0 0.957355181 38 2921.44 33.89941491 0.0031599 NA 0 0 1 0 0 0 0 1745777 1747871 0.711843495 130.6833333 0.519730135 II 0 0 0
SPBC1D7.04 0 199 1 0 0.958408914 30 27161.11 61.66794746 0 982.3 0 0 1 0 0 1 0 1743968 1744798 0.449616544 921.2833333 0.598945083 II 0 0 0
SPBC20F10.01 2 194 1 0 0.430449152 15 24776.93 64.14946632 0.0044996 1797.6 0 0 1 0 0 0 0 3283347 3284486 NA 427.9833333 0.497475177 II 1 0 0
SPBC20F10.10 0 243 1 0 0.423745104 1 2056.68 14.91867375 0.0011966 NA 0 0 1 0 0 0 0 3303292 3304037 1.06798246 10.26366667 0.609017442 II 0 0 0
SPBC21.06c 10 1062 1 0 0.450330522 0.87 NA 19.89436602 0.00206 1091.3 0 0 1 0 0 0 0 3222351 3226506 NA 13.98383333 0.488866404 II 1 0 0
SPBC211.02c 1 790 1 0 0.228387497 2.6 1234.89 24.65129139 0.0027684 426.2 0 0 1 0 0 0 0 3870710 3873758 NA 49.45 0.557226717 II 1 0 0
SPBC215.06c 1 180 1 0 0.171746509 3.1 4362 41.10389712 0.0032622 1751.7 0 0 1 0 0 0 0 4037989 4038940 1.044557958 73.45166667 0.409645631 II 0 0 0
SPBC216.06c 1 971 1 0 0.558895378 1.5 389.16 28.62975855 0.0019525 562.7 0 0 1 0 0 1 0 907370 914892 1.022955116 23.96 0.537058485 II 0 0 0
SPBC23E6.02 0 1040 1 0 0.238555525 1.1 NA 21.62233086 0.0030852 NA 0 0 1 0 0 1 0 3839329 3844105 1.008172857 19.85666667 0.363989511 II 0 0 0
SPBC23E6.09 0 1102 1 0 0.230686987 7.4 2632.63 26.70630912 0.0039079 607.7 0 0 1 0 0 0 0 3862346 3867052 0.800136946 47.54333333 0.362440025 II 1 0 0
SPBC23G7.13c 0 664 1 0 0.827887274 0.31 NA 24.06834292 0.0013172 NA 0 0 1 0 0 0 0 2123087 2125438 1.051840369 1.863176667 0.545596242 II 0 0 0
SPBC25B2.08 0 125 1 0 0.660730488 2.2 3812.59 27.67838885 0 NA 0 0 1 1 0 1 0 2611366 2612917 1.039558163 27.70166667 0.027119306 II 0 0 0
SPBC28E12.05 0 334 1 0 0.922237371 2 3257.49 26.61731193 0.0017431 709.6 0 0 1 0 0 0 0 1844942 1850285 NA 32.805 0.551269545 II 1 0 0
SPBC28F2.10c 0 551 1 0 0.977262788 3.8 332.33 26.65348428 0.0031736 633.5 0 0 1 0 0 1 0 1586592 1588443 0.930048091 79.30666667 0.444357047 II 0 0 0
SPBC29A10.05 0 571 1 0 0.683000503 2.9 NA 26.83830152 0.002297 NA 0 0 1 0 0 1 0 2545502 2547971 1.015638237 44.64666667 0.550496337 II 0 0 0
SPBC29A10.14 4 561 1 0 0.675106248 0.14 NA 11.28640116 0.0033769 NA 0 0 1 0 0 1 0 2568893 2570993 1.050792636 1.588833333 0.576871941 II 0 0 0
SPBC29A10.15 1 707 1 0 0.674254483 1.6 554.73 33.92155147 0.0020619 NA 0 0 1 0 0 1 0 2571077 2573477 NA 31.14166667 0.541694677 II 1 0 0
SPBC29A3.05 3 139 1 0 0.854515211 0.62 1638.08 34.28283178 0.0010428 1186.2 0 0 1 0 0 0 0 2046905 2047783 0.854290237 21.87666667 0.39659153 II 0 0 0
SPBC29A3.13 0 359 1 0 0.849498577 0.68 NA 32.1546163 0.0024331 NA 0 0 1 0 0 1 0 2059635 2062413 1.058800501 15.76 0.396466526 II 0 0 0
SPBC29B5.01 1 566 1 0 0.952379603 5 3577.25 24.68636717 0.0018023 NA 0 0 1 0 0 1 0 1546194 1549862 NA 67.73666667 0.335374572 II 0 0 0
SPBC2A9.12 1 264 1 0 0.538882515 0.89 911.71 33.21484268 0.0011018 NA 0 0 1 0 0 0 0 2967218 2968262 NA 19.31833333 0.439083705 II 1 0 0
SPBC2D10.10c 0 305 1 0 0.533576816 23 73566.7 57.13150438 0.0005046 NA 0 0 1 0 1 0 0 2982427 2983735 NA 688.4666667 0.728136851 II 0 0 0
SPBC2D10.17 0 1238 1 0 0.527610004 0.91 NA 22.44736855 0.0017674 NA 0 0 1 0 0 1 0 2997081 3001136 1.116579977 11.96133333 0.127062371 II 0 0 0
SPBC2F12.09c 0 355 1 0 0.965386253 0.031 NA NA 0.0024604 NA 0 0 1 0 0 0 0 1722231 1724450 1.058569818 0.118243333 0.112002499 II 0 0 0
SPBC2G2.14 0 533 1 0 0.368940005 2.5 598.22 19.70371549 0.0049209 275.2 0 0 1 1 0 0 0 3461272 3463865 0.909603278 40.6 0.217531083 II 0 0 0
SPBC2G5.02c 0 254 1 0 0.671966994 2.6 3868.69 23.64817972 0 620.3 0 0 1 0 0 1 0 2577791 2580148 1.020814884 39.05333333 0.267944 II 0 0 0
SPBC30B4.04c 0 865 1 0 0.806324091 4 1351.43 32.33875991 0.0011814 NA 0 0 1 0 0 1 0 1309072 1311834 1.084973374 52.375 0.351809642 II 0 0 0
SPBC31F10.10c 0 574 1 0 0.263969937 5.3 NA 26.95205641 0.0025389 NA 0 0 1 0 0 0 0 3766606 3769989 NA 59.42833333 0.297859685 II 0 0 0
SPBC31F10.13c 4 932 1 0 0.261394755 2.2 1718.39 33.8895604 0.0021906 836.8 0 0 1 0 0 0 0 3774138 3777499 0.904169435 39.79166667 0.546485527 II 0 0 0
SPBC32H8.09 2 483 1 0 0.90451529 0.53 NA 21.39991483 0.0027221 NA 0 0 1 0 0 0 0 1468486 1470473 NA 9.915666667 0.331126609 II 0 0 0
SPBC336.07 0 1339 1 0 0.611954951 1.2 NA 23.0122967 0.0041399 NA 0 0 1 1 0 1 0 2750876 2755161 NA 11.2585 0.478842625 II 1 0 0
SPBC336.15 1 1018 1 0 0.605996369 2.2 521.54 25.76730833 0.0025787 NA 0 0 1 0 0 1 0 2769046 2772538 NA 33.62833333 0.376893527 II 1 0 0
SPBC337.03 3 387 1 0 0.637840575 1.8 4467.02 26.28952063 0.0041388 681.6 0 0 1 0 0 0 0 1035538 1036864 1.047741868 30.675 0.548546125 II 0 0 0
SPBC337.12 2 376 1 0 0.647707492 2 NA 19.18453626 0.0030896 NA 0 0 1 0 0 1 0 1051557 1053615 NA 52.88166667 0.335625708 II 1 0 0
SPBC365.06 3 117 1 0 0.695931623 6 29295.21 54.15735679 0.0012372 632.7 0 0 1 0 0 1 0 2506815 2510260 0.329291767 202.8166667 0.333777132 II 0 0 0
SPBC3B8.02 2 415 1 0 0.392031267 5 6738.81 32.97789833 0.0017546 373.3 0 0 1 0 0 0 0 3393904 3396524 0.899389133 88.83 0.252976589 II 0 0 0
SPBC3D6.04c 1 676 1 0 0.785238244 1 832.08 23.20157891 0.0019042 567 0 0 1 0 0 1 0 1274839 1277059 0.829320906 19.37166667 0.467557084 II 0 0 0
SPBC409.13 1 159 1 0 0.717840895 5.4 17061.31 86.11366737 0.0054745 894.2 0 0 1 0 0 0 0 1165419 1166729 NA 105.4466667 0.349829431 II 1 0 0
SPBC428.08c 0 490 1 0 0.27963925 1.2 NA 11.77797704 0.0041625 NA 0 0 1 0 0 1 0 453996 458487 0.904852646 8.997833333 0.577254943 II 0 0 0
SPBC4B4.03 2 803 1 0 0.384429506 3.4 2766.6 30.46058926 0.0036315 638.3 0 0 1 0 0 1 0 3416010 3418693 0.974651513 53.75333333 0.482713487 II 0 0 0
SPBC56F2.05c 0 397 1 0 0.14638456 1.6 NA 43.18136836 0.0011004 NA 0 0 1 0 0 1 0 4109970 4112903 0.9674638 8.653333333 0.194043779 II 0 0 0
SPBC582.03 1 482 1 0 0.258746195 12 3618.29 20.12203384 0.0006045 93.8 0 0 1 0 0 1 0 420076 423276 NA 198.6166667 0.491542488 II 1 0 0
SPBC582.06c 0 327 1 0 0.26435566 0.18 NA 19.15732435 0.0017803 NA 0 0 1 0 0 0 0 429183 430166 1.052998204 2.0675 0.505969697 II 0 0 0
SPBC649.05 1 548 1 0 0.333323683 0.85 NA 21.3975364 0.0047864 NA 0 0 1 0 0 0 0 541153 543168 NA 13.95666667 0.632934426 II 1 0 0
SPBC651.10 0 388 1 0 0.774528705 2 NA 28.98005666 0.0030023 NA 0 0 1 0 0 0 0 1257452 1259192 NA 33.75666667 0.229438017 II 0 0 0
SPBC660.06 0 273 1 0 0.125903446 6.5 1212.19 42.65301534 0.0044406 NA 0 0 1 0 0 0 0 204405 205721 1.081741768 132.0383333 0.496363218 II 0 0 0
SPBC660.13c 1 609 1 0 0.135005353 2.7 9744.08 20.94446915 0.0023932 6648 0 0 1 0 0 0 0 219182 221326 NA 64.09166667 0.747117277 II 1 0 0
SPBC660.14 1 581 1 0 0.136345662 0.72 NA 28.89943794 0.0032608 NA 0 0 1 0 0 0 0 221358 224117 1.068101068 14.925 0.522958203 II 0 0 0
SPBC713.06 0 774 1 0 0.540436561 0.65 NA 19.82001814 0.0037674 NA 0 0 1 0 0 1 0 877402 882319 1.018097479 7.862333333 0.41126424 II 0 0 0
SPBC725.16 1 637 1 0 0.759213702 2.5 505.43 25.00947247 0.0022882 NA 0 0 1 0 0 1 0 1232588 1235587 NA 40.70333333 0.317883247 II 1 0 0
SPBC83.03c 0 549 1 0 0.932553375 0.92 NA 21.11291522 0.0015926 NA 0 0 1 0 0 0 0 1514006 1516211 0.72475963 15.66666667 0.131946783 II 0 0 0
SPBC839.12 0 210 1 0 0.3830494 5.4 665.75 32.34192441 0.0027675 652.4 0 0 1 0 0 0 0 621883 623102 NA 78.27166667 0.625977636 II 1 0 0
SPBC902.04 3 589 1 0 0.301706923 3.7 2721.47 34.12306138 0.0034641 879.9 0 0 1 0 0 1 0 489823 492221 1.039740413 74.31166667 0.588712241 II 0 0 0
SPBP22H7.05c 0 1201 1 0 0.886071256 1 NA 24.795011 0.002429 NA 0 0 1 0 0 1 0 1438542 1442780 1.08513136 15.43833333 0.394108896 II 0 0 0
SPBP22H7.09c 2 409 1 0 0.892398919 1.3 NA 32.69671977 0.0024924 NA 0 0 1 0 0 1 0 1448815 1450155 NA 22.53666667 0.403699694 II 1 0 0
SPBP23A10.13 0 972 1 0 0.86106701 1.9 NA 24.56397372 0.0022505 NA 0 0 1 0 0 1 0 2025363 2028676 NA 30.01166667 0.284651626 II 1 0 0
SPBP35G2.03c 1 319 1 0 0.596077871 0.69 NA 27.35147977 0.001383 NA 0 0 1 1 0 0 0 967736 968767 1.091374958 15.65166667 0.400110672 II 0 0 0
SPBP35G2.09 2 182 1 0 0.604165922 1.2 2350.98 41.27865687 0.0039887 792.5 0 0 1 0 0 0 0 980867 981978 NA 26.72333333 0.290315934 II 1 0 0
SPBP35G2.10 0 1418 1 0 0.604829302 0.72 NA 19.07000177 0.0038335 NA 0 0 1 0 0 1 0 981944 986422 1.048177255 5.952333333 0.346742028 II 0 0 0
SPBP4H10.09 0 428 1 0 0.565725793 0.36 NA NA 0.0030626 NA 0 0 1 0 0 1 0 2888450 2889979 1.095961417 0.379306667 0.15367345 II 0 0 0
SPBP4H10.21c 0 214 1 0 0.557374795 6.2 1378.02 56.17011806 0.002037 NA 0 0 1 0 0 0 0 2913472 2914333 NA 136.83 0.464458186 II 1 0 0
SPBP8B7.19 0 1019 1 0 0.296671328 4.8 12870.01 36.92113779 0.0014312 814.4 0 0 1 0 0 1 0 3671316 3674622 NA 70.88833333 0.685356838 II 1 0 0
SPCC1235.10c 4 752 1 0 0.178008323 2.1 286.63 23.5493117 0.0023965 486.2 0 0 1 0 0 0 0 196513 199449 NA 36.56833333 0.534153299 III 1 0 0
SPCC1235.12c 0 311 1 0 0.182571919 0.098 NA NA 0.0065506 NA 0 0 1 0 0 0 0 201551 202707 1.072926958 0.952916667 0.49542963 III 0 0 0
SPCC1259.13 7 496 1 0 0.960002862 1.1 NA 18.76120473 0.0017624 NA 0 0 1 0 0 0 0 1059799 1064443 1.14834572 12.62966667 0.245021452 III 0 0 0
SPCC126.11c 2 183 1 0 0.234234715 4.4 2054.5 67.71543252 0.0063472 789.4 0 0 1 0 1 1 0 2135604 2136917 1.098783598 132.15 0.346386839 III 0 0 0
SPCC1393.05 10 956 1 0 0.72570868 0.38 NA 25.23547894 0.0061381 NA 0 0 1 0 0 0 0 801149 804543 0.648261633 6.917333333 0.511233438 III 0 0 0
SPCC1393.06c 3 413 1 0 0.728728733 2.3 2237 23.09341962 0.0038788 957.5 0 0 1 0 0 1 0 804483 806120 NA 55.18333333 0.521491501 III 1 0 0
SPCC1442.13c 0 187 1 0 0.489840459 1.1 333.01 31.16972922 0.0054356 NA 0 0 1 0 0 1 0 1790811 1792123 1.054489375 17.65333333 0.174819709 III 0 0 0
SPCC1450.02 0 578 1 0 0.534934011 12 5189.31 21.39392448 0.0027735 830.6 0 0 1 0 0 1 0 1728388 1731295 0.978650599 166.8666667 0.350981871 III 0 0 0
SPCC162.08c 0 1837 1 0 0.653579988 2.9 1882.66 38.40946063 0.0027005 698.5 0 0 1 0 0 0 0 1565520 1571250 NA 35.31833333 0.434860117 III 1 0 0
SPCC1620.14c 0 1680 1 0 0.202591834 3.1 2143.49 19.35520792 0.0043534 390.5 0 0 1 0 0 0 0 2171573 2179601 NA 26.06 0.347546691 III 0 0 0
SPCC1672.02c 0 254 1 0 0.508695109 18 51308.45 36.26779619 0.002296 374.2 0 0 1 0 0 1 0 561576 563819 NA 95.48666667 0.736252061 III 1 0 0
SPCC1739.07 0 133 1 0 0.304072342 3.2 2337.35 42.04110703 0.0021789 503.1 0 0 1 0 0 0 0 2041086 2042711 0.844036033 71.755 0.119443778 III 1 0 0
SPCC1739.11c 0 1045 1 0 0.296714653 2.3 1040.41 37.91771466 0.0034891 NA 0 0 1 0 0 0 0 2049130 2052636 NA 35.12333333 0.490887133 III 1 0 0
SPCC1753.01c 1 279 1 0 0.675183794 4.3 11014.41 27.7895343 0.0015641 517.3 0 0 1 0 0 0 0 1538390 1542108 NA 101.52 0.541851716 III 1 0 0
SPCC1753.03c 2 339 1 0 0.670023404 0.081 NA NA 0.0022498 NA 0 0 1 0 0 1 0 1547051 1549069 1.111834151 0.099663333 0 III 0 0 0
SPCC1795.03 1 353 1 0 0.899383489 2.7 3149 32.49126861 0.0024743 NA 0 0 1 0 0 1 0 992878 995031 NA 50.2 0.454227965 III 0 0 0
SPCC1840.04 5 425 1 0 0.137574327 1.4 2929.56 45.7937616 0.0023988 NA 0 0 1 0 0 0 0 2263904 2267305 1.066200452 30.465 0.596050466 III 0 0 0
SPCC18B5.07c 2 549 1 0 0.662048419 5 16823.57 51.60748297 0.0030951 939.9 0 0 1 0 0 1 0 730871 733243 1.033415673 114.0116667 0.587194424 III 0 0 0
SPCC24B10.02c 0 449 1 0 0.818225216 1.3 NA 19.44817523 0.0022709 NA 0 0 1 0 0 0 0 903283 905116 1.126206217 22.51166667 0.447659873 III 0 0 0
SPCC24B10.08c 0 437 1 0 0.828875116 2.6 1243.63 23.57607797 0.0023331 NA 0 0 1 0 0 1 0 915040 916824 1.036581443 37 0.653331801 III 0 0 0
SPCC24B10.14c 2 203 1 0 0.837183433 0.18 NA 38.40585373 0.0021468 NA 0 0 1 0 0 1 0 924212 925737 NA 3.311666667 0.478291592 III 0 0 0
SPCC285.16c 1 1254 1 0 0.460489766 2.4 697.11 26.014962 0.0016285 1231.6 0 0 1 0 0 0 0 1827452 1831715 1.044571059 33.77666667 0.556302178 III 0 1 0
SPCC290.03c 1 1647 1 0 0.335949483 2 2379.78 36.05149321 0.0022146 524.1 0 0 1 1 0 0 0 1994125 1999711 NA 26.13666667 0.44905346 III 1 0 0
SPCC290.04 1 697 1 0 0.33250008 3.3 NA 23.23444676 0.004183 NA 0 0 1 0 0 1 0 2001145 2004364 NA 43.49833333 0.335572422 III 0 0 0
SPCC320.03 0 867 1 0 0.149972734 7.4 263.46 22.90854563 0.0023546 NA 0 0 1 0 0 1 0 165563 170811 1.117475482 57.045 0.644002323 III 0 0 0
SPCC320.10 3 561 1 0 0.13240135 3.8 8538.76 44.4481803 0.0028574 838.8 0 0 1 0 0 0 0 146165 148226 NA 91.40833333 0.512812279 III 1 0 0
SPCC330.02 1 563 1 0 0.09559728 0.91 NA 18.59361922 0.0038826 443.8 0 0 1 0 0 1 0 105535 107848 0.993696191 15.09 0.587936443 III 0 0 0
SPCC338.13 0 738 1 0 0.814282294 1.3 2304.11 22.61238135 0.0023705 755.7 0 0 1 0 0 0 0 1351474 1354474 NA 17.78166667 0.380560558 III 1 0 0
SPCC417.09c 3 767 1 0 0.561773081 1.3 NA 35.85324922 NA NA 0 0 1 0 0 1 0 1691219 1695091 1.174535823 18.575 0 III 0 0 0
SPCC4B3.12 0 441 1 0 0.961006843 1.6 NA 23.42292528 0.0049543 339.9 0 0 1 0 0 0 0 1153914 1156553 1.201111609 39.055 0.292689013 III 0 0 0
SPCC4G3.05c 1 608 1 0 0.419147899 1 NA 17.1643424 0.0019177 NA 0 1 1 0 0 1 0 462720 464714 NA 19.78333333 0.625857143 III 0 0 0
SPCC4G3.07c 0 461 1 0 0.416545436 2.2 NA 26.67903138 0.0018959 NA 0 0 1 0 0 1 0 459847 461914 NA 39.28833333 0.52975419 III 1 0 0
SPCC4G3.15c 3 306 1 0 0.399971376 2.9 3510.36 33.72589672 0.0008248 707.1 0 0 1 0 0 0 0 441550 442914 1.089676874 86.17166667 0.641318653 III 0 0 0
SPCC4G3.18 0 828 1 0 0.394766449 2.9 7127.11 23.94449952 0.003522 733.6 0 0 1 0 0 1 0 435804 438607 NA 44.65833333 0.526413032 III 1 0 0
SPCC548.05c 1 468 1 0 0.20232093 1.7 NA 23.83834801 0.0028014 373.3 0 0 1 0 0 1 0 223353 225756 1.087717156 28.97333333 0.579270225 III 0 0 0
SPCC550.13 0 545 1 0 0.916612364 4.8 NA 19.56390404 0.0024064 170 0 0 1 0 0 1 0 1214010 1216438 NA 78.785 0.394071935 III 1 0 0
SPCC553.01c 0 715 1 0 0.280951924 1.6 NA 18.10236267 0.0039103 NA 0 0 1 0 0 0 0 310158 312895 0.799088772 26.66833333 0.531409586 III 0 0 0
SPCC622.15c 0 557 1 0 0.757638838 1.4 NA 28.63241999 0.0010465 NA 0 0 1 0 0 0 0 1428743 1430882 1.221454736 22.37333333 0 III 0 0 0
SPCC736.12c 4 488 1 0 0.305346056 2.9 9495.58 38.66407108 0.0026868 575.5 0 0 1 0 0 1 0 337088 340150 NA 30.795 0.586457175 III 1 0 0
SPCC737.08 0 4717 1 0 0.398871994 4.5 1387.92 49.9692675 0.0022591 655.5 0 0 1 0 0 1 0 1900472 1914833 NA 22.195 0.529014431 III 1 0 0
SPCC962.02c 1 997 1 0 0.494409187 2.6 NA 29.48986762 0.0032181 446.9 0 0 1 0 0 1 0 545805 549313 NA 35.77833333 0.599078381 III 1 0 0
SPCC962.06c 1 587 1 0 0.50386248 5.9 3995.79 37.78042891 0.0027403 588.3 0 0 1 0 0 0 0 556241 558287 NA 113.7666667 0.660523364 III 1 0 0
SPCC970.01 8 877 1 0 0.466320155 1.2 136.46 31.81864208 0.0031061 NA 0 0 1 0 0 1 0 514796 518379 0.845901328 26.78666667 0.604057679 III 0 0 0
SPCC970.10c 1 680 1 0 0.443704176 2.8 1431.51 23.80637036 0.0034299 696.8 0 0 1 0 0 0 0 489829 493167 1.115041216 55.79 0.482937661 III 0 0 0
SPCP25A2.02c 0 973 1 0 0.941667056 1.6 NA 12.77197248 0.0028478 NA 0 0 1 0 0 0 0 1178932 1182641 1.096368137 27.03333333 0.523858164 III 0 0 0
